[t,re78,education,re74,re75]

ans =

    1.0000    9.9300   11.0000         0         0
    1.0000    3.5959    9.0000         0         0
    1.0000   24.9095   12.0000         0         0
    1.0000    7.5061   11.0000         0         0
    1.0000    0.2898    8.0000         0         0
    1.0000    4.0565    9.0000         0         0
    1.0000         0   12.0000         0         0
    1.0000    8.4722   11.0000         0         0
    1.0000    2.1640   16.0000         0         0
    1.0000   12.4181   12.0000         0         0
    1.0000    8.1739    9.0000         0         0
    1.0000   17.0946   13.0000         0         0
    1.0000         0    8.0000         0         0
    1.0000   18.7399   10.0000         0         0
    1.0000    3.0239    7.0000         0         0
    1.0000    3.2285   10.0000         0         0
    1.0000   14.5819   13.0000         0         0
    1.0000    7.6934   10.0000         0         0
    1.0000   10.8043   12.0000         0         0
    1.0000   10.7474   12.0000         0         0
    1.0000         0   11.0000         0         0
    1.0000    5.1495   14.0000         0         0
    1.0000    6.4089    9.0000         0         0
    1.0000    1.9914   11.0000         0         0
    1.0000   11.1632   10.0000         0         0
    1.0000    9.6430   11.0000         0         0
    1.0000    9.8970   11.0000         0         0
    1.0000   11.1429   10.0000         0         0
    1.0000   16.2180   10.0000         0         0
    1.0000    0.9957   11.0000         0         0
    1.0000         0   10.0000         0         0
    1.0000    6.5516    4.0000         0         0
    1.0000    1.5744   11.0000         0         0
    1.0000         0   12.0000         0         0
    1.0000    3.1918   12.0000         0         0
    1.0000   20.5059   14.0000         0         0
    1.0000    6.1819    5.0000         0         0
    1.0000    5.9116   12.0000         0         0
    1.0000    3.0942    8.0000         0         0
    1.0000         0   10.0000         0         0
    1.0000    1.2546   12.0000         0         0
    1.0000   13.1888    9.0000         0         0
    1.0000    8.0615    8.0000         0         0
    1.0000    2.7880    8.0000         0         0
    1.0000    3.9725   11.0000         0         0
    1.0000         0   11.0000         0         0
    1.0000         0    8.0000         0         0
    1.0000         0    9.0000         0         0
    1.0000   12.1874    5.0000         0         0
    1.0000    4.8432   12.0000         0         0
    1.0000         0    8.0000         0         0
    1.0000    8.0875   11.0000         0         0
    1.0000         0   11.0000         0         0
    1.0000    2.3490   12.0000         0         0
    1.0000    0.5908   11.0000         0         0
    1.0000         0   10.0000         0         0
    1.0000    1.0675    9.0000         0         0
    1.0000    7.2850    4.0000         0         0
    1.0000   13.1675   14.0000         0         0
    1.0000    1.0484   11.0000         0         0
    1.0000         0    8.0000         0         0
    1.0000    1.9239    8.0000         0         0
    1.0000    4.6662   10.0000         0         0
    1.0000    0.5493   11.0000         0         0
    1.0000    0.7629    4.0000         0         0
    1.0000   10.6943    9.0000         0         0
    1.0000         0   11.0000         0         0
    1.0000         0    7.0000         0         0
    1.0000    8.5467    5.0000         0         0
    1.0000    7.4797   13.0000         0         0
    1.0000         0    9.0000         0         0
    1.0000    0.6472   13.0000         0         0
    1.0000         0    6.0000         0         0
    1.0000   11.9658   12.0000         0         0
    1.0000    9.5985   15.0000         0         0
    1.0000   18.7833   11.0000         0         0
    1.0000   18.6781   12.0000         0         0
    1.0000         0    9.0000         0         0
    1.0000   23.0056   11.0000         0         0
    1.0000    6.4567   11.0000         0         0
    1.0000         0   12.0000         0         0
    1.0000    2.3211   12.0000         0         0
    1.0000    4.9418   12.0000         0         0
    1.0000         0   13.0000         0         0
    1.0000         0    8.0000         0         0
    1.0000         0   11.0000         0         0
    1.0000    3.8813    8.0000         0         0
    1.0000   17.2310   11.0000         0         0
    1.0000    8.0486   12.0000         0         0
    1.0000         0    8.0000         0         0
    1.0000   14.5099   11.0000         0         0
    1.0000         0   10.0000         0         0
    1.0000         0   11.0000         0         0
    1.0000    9.9838   12.0000         0         0
    1.0000         0   11.0000         0         0
    1.0000    5.5875   12.0000         0         0
    1.0000    4.4828    9.0000         0         0
    1.0000    2.4562   12.0000         0         0
    1.0000         0   10.0000         0         0
    1.0000   26.8176    9.0000         0         0
    1.0000         0   10.0000         0         0
    1.0000    9.2658   10.0000         0         0
    1.0000    0.4852   11.0000         0         0
    1.0000    4.8146   11.0000         0         0
    1.0000    7.4581   11.0000         0         0
    1.0000         0    9.0000         0         0
    1.0000   34.0993   13.0000         0         0
    1.0000    1.9533    9.0000         0         0
    1.0000         0   11.0000         0         0
    1.0000         0   10.0000    2.0280         0
    1.0000    8.8817    9.0000    6.0840         0
    1.0000    6.2107    9.0000    0.4452    0.0743
    1.0000         0   12.0000    0.9893    0.1652
    1.0000    0.9299   11.0000    0.8583    0.2146
    1.0000         0   12.0000    3.6709    0.3340
    1.0000   12.5580   12.0000    3.6709    0.3340
    1.0000   22.1633   12.0000    2.1434    0.3579
    1.0000    1.6526   12.0000         0    0.3776
    1.0000    8.1247   10.0000         0    0.3853
    1.0000    0.6713   12.0000    5.5063    0.5011
    1.0000   17.8150   14.0000         0    0.6797
    1.0000    9.7372   10.0000         0    0.7989
    1.0000   17.6852    9.0000         0    0.7989
    1.0000         0   13.0000    9.3816    0.8537
    1.0000    4.3217   11.0000    3.6782    0.9196
    1.0000    1.7734    9.0000         0    0.9344
    1.0000         0   12.0000    5.6059    0.9362
    1.0000   11.2333   10.0000         0    0.9364
    1.0000    0.5594   12.0000    9.3857    1.1174
    1.0000    1.0854   11.0000    3.6375    1.2208
    1.0000    5.4452    9.0000    1.7165    1.2534
    1.0000   60.3079   11.0000         0    1.2841
    1.0000    1.4604   11.0000         0    1.3929
    1.0000    6.9433   11.0000   16.3186    1.4850
    1.0000    4.0327   11.0000    0.8244    1.6661
    1.0000   10.3633    9.0000         0    1.6986
    1.0000    4.2323    8.0000         0    1.7132
    1.0000   11.1414   10.0000    2.1434    1.7843
    1.0000         0   12.0000   10.8819    1.8173
    1.0000   13.3859   11.0000         0    2.2263
    1.0000    4.8496    9.0000    9.1547    2.2887
    1.0000         0   12.0000   14.4268    2.4093
    1.0000    1.6605   10.0000    4.2504    2.4219
    1.0000         0    8.0000    3.1657    2.5947
    1.0000    2.4845   12.0000         0    2.6112
    1.0000    4.1466   11.0000    2.3050    2.6153
    1.0000    9.9707    8.0000         0    2.6571
    1.0000         0   11.0000    2.2069    2.6663
    1.0000   26.3723   11.0000         0    2.7546
    1.0000    5.6152   10.0000    5.0057    2.7774
    1.0000    3.1966   10.0000         0    2.8365
    1.0000    6.1677   12.0000   13.7658    2.8428
    1.0000    7.5359    8.0000    2.6364    2.9373
    1.0000    8.4842   12.0000    6.2693    3.0400
    1.0000    1.2944    9.0000         0    3.0585
    1.0000         0   13.0000   12.3629    3.0907
    1.0000    5.0103    9.0000         0    3.2874
    1.0000    9.3710   12.0000    6.4737    3.3324
    1.0000         0   10.0000    1.0011    3.5501
    1.0000    4.2796    8.0000    0.9893    3.6959
    1.0000    3.4626    9.0000    2.1929    3.8370
    1.0000    7.3825    4.0000    8.5176    4.0232
    1.0000         0   10.0000   11.7032    4.0782
    1.0000         0   10.0000         0    4.3990
    1.0000   10.9765   12.0000    9.7484    4.8789
    1.0000   13.8296   10.0000         0    5.3241
    1.0000    6.7885   11.0000    5.4245    5.4638
    1.0000    9.5585    9.0000   10.7170    5.5178
    1.0000   13.2283   10.0000    1.4683    5.5887
    1.0000    0.7437    9.0000    6.4165    5.7493
    1.0000    5.5228   10.0000    1.2915    5.7939
    1.0000    1.4249   12.0000    8.4088    5.7948
    1.0000    1.3586    9.0000   12.2608    5.8750
    1.0000         0   10.0000    4.1219    6.0568
    1.0000    0.6729   10.0000   25.9297    6.7890
    1.0000         0   11.0000    1.9290    6.8719
    1.0000   10.0928   12.0000    0.4922    7.0557
    1.0000    6.2814   11.0000         0    7.8679
    1.0000   12.5907   12.0000    6.7600    8.4555
    1.0000    5.1120   10.0000         0    8.8537
    1.0000   15.9526   12.0000   20.2799   10.9414
    1.0000   36.6469   14.0000   35.0401   11.5366
    1.0000   12.8040    9.0000   13.6024   13.8306
    1.0000    3.7866    8.0000   13.7321   17.9762
    1.0000    4.1819   11.0000   14.6607   25.1422
         0         0   10.0000         0         0
         0   12.3837   12.0000         0         0
         0         0    9.0000         0         0
         0   10.7401    9.0000         0         0
         0   11.7965   11.0000         0         0
         0    9.2271    9.0000         0         0
         0   10.5693    8.0000         0         0
         0    6.0403   11.0000         0         0
         0    3.8808    4.0000         0         0
         0         0   10.0000         0         0
         0    5.7751   14.0000         0         0
         0         0    9.0000         0         0
         0         0    7.0000         0         0
         0         0   11.0000         0         0
         0         0    8.0000         0         0
         0    2.1137   12.0000         0         0
         0    7.6186   10.0000         0         0
         0    9.9209    8.0000         0         0
         0    4.1964   11.0000         0         0
         0         0    9.0000         0         0
         0   16.6582    9.0000         0         0
         0    9.7220    9.0000         0         0
         0    3.7837    8.0000         0         0
         0    3.5159    8.0000         0         0
         0   17.0146   10.0000         0         0
         0         0   10.0000         0         0
         0         0    7.0000         0         0
         0    5.9703   12.0000         0         0
         0    1.8592   10.0000         0         0
         0    6.1919   12.0000         0         0
         0    7.2844   12.0000         0         0
         0    0.4458   10.0000         0         0
         0         0   12.0000         0         0
         0         0   11.0000         0         0
         0    7.3670   10.0000         0         0
         0         0   11.0000         0         0
         0    2.0155   10.0000         0         0
         0   15.7911    9.0000         0         0
         0    1.1355   10.0000         0         0
         0    6.3787   11.0000         0         0
         0    7.1762   11.0000         0         0
         0         0    8.0000         0         0
         0    7.9525   10.0000         0         0
         0         0   12.0000         0         0
         0    7.1521    8.0000         0         0
         0    8.3298    9.0000         0         0
         0         0   10.0000         0         0
         0   12.4299   10.0000         0         0
         0         0   11.0000         0         0
         0    5.0888   11.0000         0         0
         0    4.3740    7.0000         0         0
         0    1.5533   11.0000         0         0
         0         0   10.0000         0         0
         0    1.6983   11.0000         0         0
         0         0   11.0000         0         0
         0   11.2946   12.0000         0         0
         0         0   11.0000         0         0
         0   14.6264   11.0000         0         0
         0   12.8984    9.0000         0         0
         0    5.7671   11.0000         0         0
         0    6.5279   10.0000         0         0
         0    3.9312   10.0000         0         0
         0   20.9422   10.0000         0         0
         0         0   10.0000         0         0
         0         0    5.0000         0         0
         0   14.6904   10.0000         0         0
         0         0   11.0000         0         0
         0    3.4181   12.0000         0         0
         0   11.1973   11.0000         0         0
         0         0    8.0000         0         0
         0         0   12.0000         0         0
         0         0   10.0000         0         0
         0    1.4557    7.0000         0         0
         0    1.8909   12.0000         0         0
         0    4.4856   11.0000         0         0
         0   13.6134   12.0000         0         0
         0    1.3905    8.0000         0         0
         0    5.8438    3.0000         0         0
         0    8.5985   10.0000         0         0
         0    2.9202   11.0000         0         0
         0         0   12.0000         0         0
         0    6.7353   12.0000         0         0
         0         0   10.0000         0         0
         0         0    9.0000         0         0
         0         0   10.0000         0         0
         0    0.0448   11.0000         0         0
         0         0   10.0000         0         0
         0         0   10.0000         0         0
         0    3.7018   10.0000         0         0
         0    6.9303   10.0000         0         0
         0    3.7958   12.0000         0         0
         0    5.1932   13.0000         0         0
         0    2.1935    7.0000         0         0
         0   11.1205   11.0000         0         0
         0    7.6095   13.0000         0         0
         0    2.1690   10.0000         0         0
         0         0   11.0000         0         0
         0    1.2642   11.0000         0         0
         0         0   12.0000         0         0
         0         0   12.0000         0         0
         0         0   10.0000         0         0
         0         0   10.0000         0         0
         0    5.7126    9.0000         0         0
         0         0   10.0000         0         0
         0         0   11.0000         0         0
         0         0   11.0000         0         0
         0    1.1849   10.0000         0         0
         0   10.2259   11.0000         0         0
         0         0   10.0000         0         0
         0    4.7154    9.0000         0         0
         0    0.2898   10.0000         0         0
         0         0   10.0000         0         0
         0    8.1904    8.0000         0         0
         0    4.8131    6.0000         0         0
         0    7.3447   14.0000         0         0
         0         0   10.0000         0         0
         0         0   11.0000         0         0
         0         0   12.0000         0         0
         0         0   13.0000         0         0
         0    4.3509   11.0000         0         0
         0    7.8125   11.0000         0         0
         0         0    5.0000         0         0
         0    3.6447    8.0000         0         0
         0    4.8448    9.0000         0         0
         0         0    6.0000         0         0
         0         0   12.0000         0         0
         0         0   10.0000         0         0
         0   14.7929   12.0000         0         0
         0         0    9.0000         0         0
         0         0   10.0000         0         0
         0    3.7467    8.0000         0         0
         0    1.5682    8.0000         0         0
         0    7.0104    8.0000         0         0
         0    3.8117    9.0000         0         0
         0   10.7986    8.0000         0         0
         0    4.6573   11.0000         0         0
         0    8.5515   11.0000         0         0
         0    4.3099   10.0000         0         0
         0    5.2864   10.0000         0         0
         0   12.4862    9.0000         0         0
         0   10.8774    9.0000         0         0
         0    0.2023   10.0000         0         0
         0    2.6577   10.0000         0         0
         0    4.1326    7.0000         0         0
         0   11.3031   11.0000         0         0
         0         0   10.0000         0         0
         0         0    9.0000         0         0
         0         0   10.0000         0         0
         0    2.1894   10.0000         0         0
         0         0   11.0000         0         0
         0   10.2110    8.0000         0         0
         0   11.0481   10.0000         0         0
         0         0    9.0000         0         0
         0    8.9939    8.0000         0         0
         0    5.0718    6.0000         0         0
         0    3.1940   10.0000         0         0
         0         0   11.0000         0         0
         0    5.1931    9.0000         0         0
         0         0    9.0000         0         0
         0    0.2756   10.0000         0         0
         0    3.5907    9.0000         0         0
         0         0   11.0000         0         0
         0   12.7977   10.0000         0         0
         0    2.0359    9.0000         0         0
         0    2.3897    9.0000         0         0
         0         0   11.0000         0         0
         0    8.4693   10.0000         0         0
         0         0   11.0000         0         0
         0    1.1434   10.0000         0         0
         0    5.1148    9.0000         0         0
         0    0.7812   10.0000         0         0
         0    3.3432    9.0000    0.5915         0
         0    9.6024   10.0000    1.5632         0
         0         0   11.0000    1.6266         0
         0   16.4616    9.0000    2.7885         0
         0    6.7716   11.0000    3.4729         0
         0         0   11.0000    5.2812         0
         0   11.0116    7.0000   33.7999         0
         0         0   11.0000         0    0.0837
         0         0   12.0000         0    0.1424
         0         0   12.0000         0    0.1599
         0    4.2511   11.0000    0.9893    0.1652
         0    2.8917   10.0000    0.9604    0.2401
         0    5.5144   10.0000         0    0.2736
         0    4.8589   10.0000    1.4713    0.3678
         0    4.8126   13.0000    5.2143    0.4745
         0         0   12.0000         0    0.4946
         0    0.6042    9.0000         0    0.5064
         0   14.5279   10.0000         0    0.5204
         0         0   10.0000    6.1404    0.5588
         0    7.3005    9.0000         0    0.5596
         0         0   11.0000    6.3823    0.5808
         0    4.1599   12.0000         0    0.5918
         0         0   10.0000         0    0.6042
         0    5.4976   11.0000    1.0647    0.6453
         0         0   10.0000         0    0.6646
         0         0   12.0000         0    0.7524
         0         0   11.0000    3.0652    0.7663
         0   16.4770   12.0000         0    0.8033
         0         0   11.0000    2.4319    0.8635
         0   39.4835   10.0000    6.6611    1.1624
         0   11.3063   10.0000    4.9051    1.1689
         0    6.6720   11.0000    4.7000    1.1750
         0    9.3787    9.0000         0    1.2038
         0    5.0890   10.0000    1.2036    1.2396
         0    2.6393   11.0000    7.9141    1.3217
         0    9.4959   11.0000         0    1.3280
         0   20.8931   12.0000    0.5577    1.3715
         0         0   12.0000         0    1.4055
         0   10.3617   11.0000    2.6697    1.4684
         0    1.7402    9.0000    2.9884    1.5772
         0         0    8.0000         0    1.7067
         0         0   11.0000   17.7119    1.7264
         0    6.3542   10.0000    1.4427    1.7346
         0    7.1710    9.0000    8.4096    1.7781
         0    5.5735   11.0000         0    1.8960
         0    0.4397   12.0000    4.3800    2.0037
         0   16.9700   12.0000   22.8594    2.0802
         0    5.3440   10.0000         0    2.1750
         0    2.7253   13.0000    0.7182    2.2656
         0    9.7723   11.0000    0.7213    2.4456
         0         0    9.0000         0    2.5953
         0         0   10.0000    1.7165    2.6821
         0    1.7209   12.0000    8.4170    2.8142
         0         0    6.0000    6.0069    2.8506
         0   18.8599   11.0000   10.5238    2.8998
         0    1.3245   11.0000    5.4437    3.0639
         0    0.2847   11.0000   15.2100    3.0727
         0   11.1959   11.0000    3.5040    3.2857
         0         0    8.0000    7.7243    3.4031
         0         0   11.0000    4.0807    3.7960
         0    7.5653   10.0000    2.5029    4.1284
         0         0   11.0000         0    4.1847
         0         0   11.0000         0    4.4919
         0         0   11.0000    6.3375    4.5031
         0    4.9746   11.0000    8.5932    5.3939
         0   12.7800   12.0000   10.5851    5.5515
         0    3.5236    8.0000    1.1263    5.5626
         0         0   12.0000         0    5.6139
         0   10.2748   11.0000    7.6174    5.7164
         0    4.7797   12.0000    7.1825    6.0047
         0   16.9882   10.0000    8.2933    6.4495
         0    0.4993   12.0000   19.7853    6.6081
         0    3.0836    8.0000   39.5707    6.6083
         0    3.7087   11.0000    8.8101    6.9745
         0    7.6592   11.0000    8.0092    7.6669
         0   20.8578   11.0000    2.9925    8.9205
         0    7.0782   12.0000    5.7217    8.9607
         0         0    9.0000    9.2689    9.1607
         0    1.2398    9.0000   10.2224    9.2104
         0    3.9828   11.0000         0    9.3119
         0         0   10.0000   13.5200    9.3194
         0         0   11.0000    0.8244   10.0339
         0    7.0949   10.0000   27.8644   10.5987
         0   12.3593    9.0000   12.2608   10.8572
         0         0    9.0000   31.8864   12.3572
         0         0   11.0000   17.4915   13.3713
         0   16.9003    9.0000    9.5943   16.3412
         0    7.3440    9.0000   24.7316   16.9466
         0    5.4488   10.0000   25.7209   23.0320

diary off
