    6.0009   18.0000   13.0000   37.0000   14.0000   14.0000   41.0000  119.0000
    5.7987   14.0000   13.0000   33.0000   14.0000   14.0000   46.0000  108.0000
    5.5607   12.0000   14.0000   32.0000   12.0000   12.0000   32.0000   96.0000
    5.4157   11.0000   17.0000   34.0000   11.0000    6.0000   27.0000   74.0000
    6.3277   16.0000   13.0000   35.0000         0    8.0000   43.0000  116.0000
    5.4807   10.0000   14.0000   30.0000    8.0000    8.0000   24.0000   91.0000
    6.0697   18.0000   14.0000   38.0000         0    8.0000   50.0000  114.0000
    6.2525   15.0000   15.0000   36.0000    5.0000   14.0000   37.0000  111.0000
    5.9917   12.0000   18.0000   36.0000   11.0000   12.0000   44.0000   95.0000
    5.9910   18.0000   14.0000   38.0000   14.0000   13.0000   44.0000  132.0000
    5.8584   14.0000   13.0000   33.0000         0   16.0000   45.0000  102.0000
    6.0035   15.0000    9.0000   30.0000   12.0000   12.0000   40.0000  125.0000
    6.2164   16.0000    6.0000   28.0000   10.0000   10.0000   24.0000  119.0000
    6.5747   16.0000   12.0000   34.0000   12.0000   12.0000   47.0000  118.0000
    6.1719   10.0000   19.0000   35.0000    8.0000    6.0000   37.0000  105.0000
    6.4165   15.0000   15.0000   36.0000   10.0000   12.0000   39.0000  109.0000
    5.8287   11.0000   21.0000   38.0000    8.0000   10.0000   36.0000   72.0000
    5.9010   14.0000    9.0000   29.0000         0   12.0000   29.0000  105.0000
    5.3340   12.0000   13.0000   31.0000         0    8.0000   34.0000  101.0000
    6.2347   14.0000   11.0000   31.0000         0   12.0000   37.0000  123.0000
    6.6939   16.0000   14.0000   36.0000   12.0000   12.0000   49.0000  113.0000
    6.3412   12.0000   20.0000   38.0000   10.0000   10.0000   36.0000   95.0000
    6.8685   16.0000   16.0000   38.0000   12.0000   12.0000   50.0000  145.0000
    5.9914   16.0000   10.0000   32.0000   11.0000   11.0000   35.0000  114.0000
    6.8682   16.0000    7.0000   29.0000   16.0000   16.0000   32.0000  124.0000
    6.1637   13.0000   16.0000   35.0000    8.0000   12.0000   40.0000   93.0000
    5.7687   18.0000   11.0000   35.0000    8.0000    8.0000   39.0000  115.0000
    6.5220   17.0000   11.0000   34.0000   12.0000   13.0000   41.0000  125.0000
    5.5377   18.0000   12.0000   36.0000   16.0000   16.0000   35.0000  128.0000
    5.9917   12.0000   16.0000   34.0000         0    8.0000   40.0000  103.0000
    6.5679   14.0000   15.0000   35.0000   12.0000   12.0000   41.0000   98.0000
    7.6013   13.0000   13.0000   32.0000   12.0000   12.0000   41.0000  108.0000
    6.2143   18.0000   14.0000   38.0000   18.0000   18.0000   40.0000  129.0000
    6.5677   17.0000    9.0000   32.0000   14.0000   17.0000   42.0000  132.0000
    5.7457   13.0000   12.0000   31.0000         0    8.0000   24.0000   92.0000
    6.3102   14.0000    8.0000   28.0000    8.0000   12.0000   39.0000  108.0000
    6.2337   13.0000   12.0000   31.0000   12.0000   15.0000   35.0000  106.0000
    5.5212   16.0000    7.0000   29.0000   12.0000   13.0000   37.0000  105.0000
    6.0697   18.0000   12.0000   36.0000   12.0000   12.0000   46.0000  123.0000
    5.6237   12.0000   20.0000   38.0000    7.0000    8.0000   48.0000  108.0000
    6.2164   17.0000   10.0000   33.0000    8.0000   12.0000   47.0000  122.0000
    6.3235   12.0000   20.0000   38.0000         0   12.0000   44.0000  109.0000
    5.6247   13.0000   19.0000   38.0000    9.0000   10.0000   40.0000  100.0000
    6.8682   18.0000   10.0000   34.0000   15.0000   14.0000   50.0000  125.0000
    5.9727   14.0000   15.0000   35.0000         0   12.0000   41.0000  122.0000
    5.7297   17.0000    7.0000   30.0000   12.0000   12.0000   34.0000  105.0000
    6.3579   16.0000   11.0000   33.0000   12.0000   12.0000   37.0000   94.0000
    6.1357   12.0000   16.0000   34.0000         0   12.0000   36.0000  102.0000
    6.1832   13.0000   19.0000   38.0000   10.0000   12.0000   47.0000  109.0000
    6.0867   12.0000   20.0000   38.0000   12.0000   12.0000   45.0000  105.0000
    6.1347   18.0000   13.0000   37.0000   12.0000   12.0000   46.0000  134.0000
    6.5507   12.0000   11.0000   29.0000    9.0000   12.0000   32.0000  108.0000
    6.2149   16.0000    8.0000   30.0000   11.0000   12.0000   36.0000  104.0000
    5.2187   12.0000   11.0000   29.0000         0   12.0000   35.0000  112.0000
    6.0472   18.0000    8.0000   32.0000    8.0000   11.0000   49.0000  120.0000
    6.0809   16.0000    9.0000   31.0000   16.0000   17.0000   40.0000  124.0000
    6.3097   12.0000   11.0000   29.0000   10.0000   12.0000   34.0000  103.0000
    6.4825   17.0000    7.0000   30.0000   14.0000   12.0000   45.0000  115.0000
    5.7687   12.0000   17.0000   35.0000    8.0000    6.0000   33.0000   96.0000
    6.8682   17.0000   13.0000   36.0000   12.0000   12.0000   48.0000  123.0000
    6.1317   12.0000   11.0000   29.0000    8.0000   12.0000   34.0000   98.0000
    6.0399   12.0000   17.0000   35.0000    8.0000   12.0000   34.0000   96.0000
    6.0865   12.0000   20.0000   38.0000         0   12.0000   47.0000   89.0000
    5.9537   12.0000   19.0000   37.0000    7.0000         0   43.0000  109.0000
    5.5605   12.0000   10.0000   28.0000   11.0000    9.0000   20.0000   93.0000
    5.5802   12.0000   15.0000   33.0000    9.0000   12.0000   32.0000   82.0000
    5.4807   15.0000   17.0000   38.0000         0   12.0000   45.0000  120.0000
    6.2524   12.0000   14.0000   32.0000         0   12.0000   38.0000  122.0000
    6.6700   18.0000    9.0000   33.0000   18.0000   12.0000   48.0000  117.0000
    6.3667   16.0000   14.0000   36.0000    8.0000    8.0000   44.0000  109.0000
    6.8287   18.0000   14.0000   38.0000   16.0000   12.0000   55.0000  114.0000
    6.6295   16.0000    9.0000   31.0000   16.0000   12.0000   40.0000  126.0000
    6.2027   12.0000   15.0000   33.0000   11.0000   11.0000   45.0000   82.0000
    5.9525   16.0000   10.0000   32.0000    9.0000   12.0000   45.0000  119.0000
    6.1095   16.0000   13.0000   35.0000    6.0000   12.0000   37.0000  104.0000
    6.0307   15.0000   14.0000   35.0000   11.0000         0   49.0000  115.0000
    6.2149   12.0000   18.0000   36.0000   12.0000   12.0000   45.0000   97.0000
    5.5987   15.0000   10.0000   31.0000   12.0000   14.0000   27.0000  105.0000
    6.0087   12.0000   12.0000   30.0000    7.0000    7.0000   32.0000  100.0000
    6.2109   12.0000   13.0000   31.0000   10.0000   12.0000   41.0000  114.0000
    5.6797   10.0000   20.0000   36.0000         0         0   28.0000   73.0000
    6.1737   11.0000   20.0000   37.0000    8.0000    8.0000   48.0000   96.0000
    6.2310   15.0000    8.0000   29.0000   16.0000   12.0000   30.0000  113.0000
    5.9332   10.0000   20.0000   36.0000   10.0000   14.0000   38.0000  106.0000
    5.7087   13.0000   13.0000   32.0000         0    8.0000   37.0000  104.0000
    5.7042   10.0000   17.0000   33.0000   12.0000         0   39.0000   80.0000
    6.0309   13.0000   11.0000   30.0000    8.0000   12.0000   30.0000  104.0000
    5.5410   13.0000   11.0000   30.0000   16.0000   16.0000   36.0000  122.0000
    6.0157   12.0000   16.0000   34.0000   13.0000   12.0000   38.0000   96.0000
    6.9077   15.0000   15.0000   36.0000   16.0000   16.0000   51.0000   95.0000
    6.1825   12.0000   13.0000   31.0000   17.0000   16.0000   24.0000  105.0000
    5.7037   12.0000   19.0000   37.0000    8.0000    8.0000   18.0000   94.0000
    5.8740   17.0000   10.0000   33.0000   14.0000   12.0000   41.0000   91.0000
    5.9910   16.0000    9.0000   31.0000   14.0000   12.0000   37.0000   96.0000
    5.5607   12.0000   12.0000   30.0000    9.0000   10.0000   37.0000   69.0000
    6.3545   12.0000   20.0000   38.0000   12.0000         0   37.0000  110.0000
    6.2890   15.0000   10.0000   31.0000   12.0000    9.0000   44.0000  111.0000
    5.8467   16.0000    9.0000   31.0000   12.0000    9.0000   35.0000  110.0000
    5.7777   16.0000    7.0000   29.0000   12.0000    9.0000   37.0000   97.0000
    6.6582   18.0000   11.0000   35.0000    8.0000    8.0000   44.0000  125.0000
    5.8897   12.0000   18.0000   36.0000   10.0000    9.0000   39.0000   91.0000
    5.8857   12.0000   19.0000   37.0000   10.0000    8.0000   28.0000   86.0000
    5.5217   12.0000   17.0000   35.0000    8.0000    9.0000   32.0000  110.0000
    6.4527   14.0000   16.0000   36.0000         0   12.0000   47.0000   92.0000
    5.9527   10.0000   22.0000   38.0000   12.0000    9.0000   41.0000   85.0000
    6.5405   17.0000   11.0000   34.0000    8.0000    8.0000   36.0000  120.0000
    6.3581   12.0000   15.0000   33.0000   12.0000   12.0000   42.0000  106.0000
    6.3575   16.0000    9.0000   31.0000   12.0000   12.0000   41.0000  112.0000
    5.9130   12.0000   20.0000   38.0000    8.0000   10.0000   39.0000   91.0000
    6.1095   12.0000   20.0000   38.0000   12.0000   10.0000   42.0000   90.0000
    5.8807    9.0000   23.0000   38.0000   12.0000         0   39.0000   86.0000
    6.1777   10.0000   16.0000   32.0000         0    8.0000   32.0000   86.0000
    5.7037   12.0000   11.0000   29.0000   12.0000   12.0000   27.0000  113.0000
    5.7899   13.0000   19.0000   38.0000    9.0000   12.0000   51.0000  111.0000
    5.6650   12.0000   15.0000   33.0000   12.0000   12.0000   30.0000  111.0000
    5.4807   13.0000    9.0000   28.0000    7.0000    8.0000   32.0000  106.0000
    5.1547   12.0000   12.0000   30.0000   11.0000   12.0000   28.0000   98.0000
    6.1637   12.0000   12.0000   30.0000   10.0000   12.0000   28.0000  105.0000
    5.5367   12.0000   15.0000   33.0000         0   10.0000   29.0000  105.0000
    6.1947   13.0000   13.0000   32.0000    9.0000   12.0000   44.0000  118.0000
    6.2495   12.0000   18.0000   36.0000    8.0000   12.0000   38.0000   90.0000
    5.8467   12.0000   14.0000   32.0000    8.0000    9.0000   34.0000   95.0000
    6.0217   14.0000    9.0000   29.0000   12.0000   12.0000   24.0000  112.0000
    6.3582   12.0000   14.0000   32.0000   10.0000   12.0000   39.0000  120.0000
    6.1095   12.0000   11.0000   29.0000   10.0000   12.0000   41.0000  123.0000
    6.0917   13.0000   11.0000   30.0000   15.0000   16.0000   32.0000  103.0000
    6.8689   18.0000   11.0000   35.0000   18.0000   16.0000   40.0000  121.0000
    6.2887   16.0000   16.0000   38.0000   12.0000   12.0000   44.0000   90.0000
    6.2652   12.0000   11.0000   29.0000   12.0000   12.0000   32.0000  125.0000
    6.5115   18.0000    8.0000   32.0000    8.0000    9.0000   34.0000  109.0000
    6.5119   16.0000   11.0000   33.0000    9.0000   10.0000   46.0000  128.0000
    6.1737   12.0000   13.0000   31.0000   12.0000   12.0000   35.0000   97.0000
    5.2987   12.0000   15.0000   33.0000   12.0000   12.0000   35.0000   96.0000
    6.3905   12.0000   10.0000   28.0000    8.0000   12.0000   44.0000   97.0000
    5.8857   12.0000   15.0000   33.0000    6.0000    7.0000   21.0000   78.0000
    5.7687   12.0000   16.0000   34.0000         0    7.0000   39.0000  112.0000
    5.7687   12.0000   20.0000   38.0000    5.0000    2.0000   32.0000   88.0000
    6.0247   12.0000   18.0000   36.0000   11.0000   14.0000   39.0000   97.0000
    5.9717   12.0000   18.0000   36.0000    9.0000    6.0000   41.0000  101.0000
    5.8677   10.0000   18.0000   34.0000   10.0000    7.0000   42.0000  106.0000
    5.2577   10.0000   18.0000   34.0000    6.0000    8.0000   28.0000   59.0000
    5.9117   18.0000   10.0000   34.0000   12.0000   12.0000   54.0000  105.0000
    5.4415   17.0000    8.0000   31.0000    8.0000   12.0000   30.0000  119.0000
    6.0917   11.0000   20.0000   37.0000    8.0000    8.0000   36.0000   93.0000
    6.3909   12.0000   18.0000   36.0000         0   12.0000   38.0000   82.0000
    7.2339   18.0000   10.0000   34.0000   16.0000   16.0000   45.0000  134.0000
    5.7417   12.0000   12.0000   30.0000   12.0000    8.0000   29.0000   84.0000
    6.3452   11.0000   14.0000   31.0000   12.0000   12.0000   36.0000   98.0000
    6.3237   16.0000    8.0000   30.0000   12.0000   13.0000   41.0000  118.0000
    6.5115   17.0000   10.0000   33.0000    8.0000   12.0000   50.0000  113.0000
    5.5607   12.0000   10.0000   28.0000   11.0000    9.0000   18.0000  100.0000
    5.5907   13.0000   10.0000   29.0000   12.0000   12.0000   27.0000   93.0000
    6.1097   16.0000   10.0000   32.0000   10.0000   12.0000   30.0000  119.0000
    5.6627   12.0000   15.0000   33.0000    4.0000   11.0000   19.0000   67.0000
    6.0187   12.0000   19.0000   37.0000         0   12.0000   28.0000  111.0000
    7.0919   15.0000   11.0000   32.0000   12.0000   12.0000   38.0000  106.0000
    6.6327   18.0000   12.0000   36.0000         0   10.0000   49.0000  127.0000
    5.7137   16.0000   11.0000   33.0000   12.0000   12.0000   35.0000  113.0000
    6.2147   14.0000    9.0000   29.0000   12.0000   12.0000   36.0000  115.0000
    6.3240   16.0000    9.0000   31.0000         0   12.0000   40.0000  102.0000
    6.0157   15.0000    8.0000   29.0000   12.0000   14.0000   29.0000   85.0000
    6.3099   16.0000   10.0000   32.0000   10.0000   12.0000   51.0000  117.0000
    5.5212   16.0000    6.0000   28.0000   10.0000   10.0000   34.0000  125.0000
    6.1342   16.0000   15.0000   37.0000   12.0000    8.0000   47.0000  118.0000
    6.4535   18.0000   14.0000   38.0000   16.0000   12.0000   40.0000  121.0000
    6.7627   17.0000   15.0000   38.0000   12.0000   12.0000   51.0000  115.0000
    6.5512   14.0000   16.0000   36.0000         0   12.0000   44.0000  120.0000
    6.3050   12.0000   17.0000   35.0000    6.0000   11.0000   43.0000  109.0000
    5.4427   13.0000   11.0000   30.0000   11.0000   12.0000   28.0000  109.0000
    5.9317   12.0000   20.0000   38.0000         0         0   36.0000   85.0000
    6.0477   12.0000   20.0000   38.0000         0   12.0000   50.0000   85.0000
    5.7037   14.0000    9.0000   29.0000   10.0000   11.0000   32.0000  106.0000
    6.3972   12.0000   12.0000   30.0000   10.0000   10.0000   30.0000  101.0000
    6.3472   12.0000   12.0000   30.0000    9.0000   12.0000   40.0000  116.0000
    5.6980   12.0000   13.0000   31.0000    7.0000    7.0000   24.0000   91.0000
    6.2147   12.0000   16.0000   34.0000    5.0000   11.0000   28.0000   91.0000
    5.5987   12.0000   16.0000   34.0000         0    7.0000   34.0000  110.0000
    5.0747   12.0000   14.0000   32.0000   12.0000    7.0000   33.0000   75.0000
    5.6649   12.0000   11.0000   29.0000    8.0000   12.0000   17.0000   94.0000
    5.4637   13.0000   10.0000   29.0000   12.0000   12.0000   27.0000  109.0000
    6.1349   16.0000    9.0000   31.0000    8.0000    8.0000   38.0000  122.0000
    6.4379   12.0000   14.0000   32.0000    8.0000   11.0000   26.0000  102.0000
    6.0867   14.0000   13.0000   33.0000   10.0000    8.0000   38.0000  122.0000
    6.3369   12.0000   19.0000   37.0000   10.0000   10.0000   38.0000  105.0000
    5.7869   12.0000   18.0000   36.0000    9.0000    9.0000   37.0000  113.0000
    5.5595   12.0000   12.0000   30.0000   12.0000    8.0000   34.0000  104.0000
    6.1759   16.0000   12.0000   34.0000   11.0000    9.0000   43.0000  124.0000
    5.3547   13.0000   13.0000   32.0000    8.0000   12.0000   31.0000  110.0000
    5.7897   12.0000   15.0000   33.0000   12.0000   12.0000   37.0000   95.0000
    5.9527   16.0000   10.0000   32.0000         0   18.0000   39.0000  120.0000
    5.8167   12.0000   20.0000   38.0000    8.0000   12.0000   39.0000  105.0000
    5.8477   16.0000    6.0000   28.0000   12.0000   12.0000   30.0000  121.0000
    7.0919   14.0000   16.0000   36.0000   10.0000    8.0000   42.0000   96.0000
    6.1097   12.0000   14.0000   32.0000   12.0000    9.0000   26.0000  110.0000
    6.1397   12.0000   13.0000   31.0000   11.0000   12.0000   32.0000   92.0000
    5.6667   12.0000   20.0000   38.0000         0    9.0000   34.0000   98.0000
    6.5667   16.0000   14.0000   36.0000   12.0000   11.0000   43.0000  109.0000
    6.8170   18.0000   12.0000   36.0000   11.0000   11.0000   44.0000  118.0000
    6.0017   18.0000   10.0000   34.0000         0   14.0000   42.0000   97.0000
    5.9617   17.0000   14.0000   37.0000    8.0000   16.0000   42.0000   95.0000
    5.3467   12.0000   16.0000   34.0000    8.0000   10.0000   40.0000   99.0000
    5.3467   12.0000   12.0000   30.0000   12.0000   10.0000   31.0000  106.0000
    5.7085   12.0000   12.0000   30.0000         0   12.0000   33.0000  117.0000
    5.4165   12.0000   19.0000   37.0000    6.0000   12.0000   47.0000   90.0000
    6.1655   14.0000   14.0000   34.0000         0         0   45.0000   98.0000
    5.5335   12.0000   17.0000   35.0000   11.0000   12.0000   44.0000   95.0000
    5.4165   12.0000   14.0000   32.0000   11.0000   12.0000   43.0000  115.0000
    5.9912   15.0000   10.0000   31.0000   12.0000   12.0000   40.0000  106.0000
    5.8467   12.0000   12.0000   30.0000    8.0000    8.0000   26.0000  114.0000
    6.0697   13.0000   11.0000   30.0000   10.0000   12.0000   34.0000   92.0000
    6.3745   17.0000    8.0000   31.0000   12.0000   13.0000   36.0000  119.0000
    5.4377   13.0000   11.0000   30.0000   12.0000   13.0000   32.0000   85.0000
    5.6365   16.0000    8.0000   30.0000   12.0000   12.0000   34.0000   98.0000
    5.4455   13.0000    9.0000   28.0000   12.0000   12.0000   30.0000  114.0000
    6.5512   18.0000   13.0000   37.0000   12.0000    8.0000   42.0000   84.0000
    5.9817   13.0000   14.0000   33.0000   16.0000   16.0000   42.0000  108.0000
    5.4807   12.0000   15.0000   33.0000    4.0000    8.0000   32.0000  107.0000
    6.1397   12.0000   20.0000   38.0000   12.0000   16.0000   35.0000   84.0000
    5.6172   12.0000   11.0000   29.0000   12.0000   10.0000   22.0000   86.0000
    5.8795   12.0000   17.0000   35.0000   12.0000   10.0000   27.0000   88.0000
    5.5219   11.0000   20.0000   37.0000         0         0   34.0000   97.0000
    5.9139   10.0000   22.0000   38.0000    9.0000         0   31.0000   84.0000
    6.2147   16.0000   11.0000   33.0000   14.0000   12.0000   45.0000  117.0000
    6.3242   16.0000    8.0000   30.0000   14.0000   12.0000   42.0000  110.0000
    5.9916   13.0000   14.0000   33.0000         0    9.0000   32.0000  104.0000
    5.9007   14.0000    9.0000   29.0000         0    9.0000   26.0000  110.0000
    6.2887   16.0000    8.0000   30.0000   12.0000   11.0000   33.0000   99.0000
    5.1817   10.0000   22.0000   38.0000         0         0   31.0000   80.0000
    4.6627   12.0000   19.0000   37.0000         0         0   43.0000  101.0000
    6.2147   14.0000    8.0000   28.0000   12.0000   12.0000   31.0000  117.0000
    6.8022   13.0000   17.0000   36.0000         0         0   41.0000  108.0000
    6.2312   16.0000   16.0000   38.0000   10.0000   10.0000   33.0000   69.0000
    6.5449   12.0000   14.0000   32.0000    9.0000   11.0000   38.0000  109.0000
    5.9125   16.0000   10.0000   32.0000    8.0000    8.0000   39.0000   85.0000
    5.7607   16.0000    7.0000   29.0000    9.0000   11.0000   36.0000  114.0000
    5.0110   13.0000   19.0000   38.0000         0         0   46.0000   90.0000
    5.5609   18.0000    5.0000   29.0000   14.0000   12.0000   30.0000  107.0000
    6.7629   18.0000   13.0000   37.0000    8.0000   12.0000   41.0000  117.0000
    6.8689   18.0000   14.0000   38.0000   18.0000   16.0000   47.0000  112.0000
    6.5412   18.0000   13.0000   37.0000   18.0000   14.0000   46.0000  106.0000
    6.7627   15.0000   10.0000   31.0000   17.0000   12.0000   38.0000  116.0000
    6.1349   14.0000   11.0000   31.0000         0    8.0000   44.0000  123.0000
    6.1007   16.0000   11.0000   33.0000         0    8.0000   40.0000  118.0000
    5.0843   12.0000   12.0000   30.0000         0         0   20.0000   91.0000
    6.3967   12.0000   16.0000   34.0000    7.0000   12.0000   29.0000  103.0000
    5.8007   14.0000   17.0000   37.0000    6.0000    8.0000   40.0000  114.0000
    5.9267   12.0000   17.0000   35.0000    6.0000   12.0000   36.0000  102.0000
    6.1520   12.0000   18.0000   36.0000         0    6.0000   36.0000  104.0000
    6.0217   14.0000   13.0000   33.0000   12.0000   14.0000   43.0000  112.0000
    6.2317   12.0000   12.0000   30.0000   12.0000   12.0000   39.0000  107.0000
    6.3419   14.0000   14.0000   34.0000   12.0000   12.0000   36.0000  117.0000
    5.8865   12.0000   18.0000   36.0000         0         0   36.0000  110.0000
    6.2324   12.0000   15.0000   33.0000   11.0000   12.0000   42.0000   96.0000
    6.0527   12.0000   14.0000   32.0000   12.0000    8.0000   38.0000   90.0000
    6.0200   12.0000   11.0000   29.0000    7.0000    8.0000   27.0000   97.0000
    5.7787   12.0000   20.0000   38.0000    8.0000    9.0000   40.0000   99.0000
    5.0107   10.0000   14.0000   30.0000    5.0000    8.0000   29.0000   99.0000
    5.3697   12.0000   13.0000   31.0000         0   11.0000   32.0000   97.0000
    6.3892   12.0000   11.0000   29.0000         0   11.0000   40.0000   95.0000
    5.9187   14.0000   11.0000   31.0000         0    8.0000   44.0000  126.0000
    6.1357   17.0000   15.0000   38.0000    8.0000   12.0000   49.0000  109.0000
    5.3897   11.0000   16.0000   33.0000         0   11.0000   22.0000   86.0000
    5.6345   16.0000   11.0000   33.0000   12.0000   12.0000   48.0000  119.0000
    5.8187   16.0000    7.0000   29.0000   12.0000   12.0000   38.0000  102.0000
    6.0472   18.0000   14.0000   38.0000    5.0000    9.0000   45.0000  105.0000
    5.4074   17.0000    6.0000   29.0000         0   12.0000   40.0000  117.0000
    6.7635   16.0000   16.0000   38.0000   12.0000   12.0000   40.0000  112.0000
    6.0477   12.0000   11.0000   29.0000    6.0000    8.0000   28.0000   89.0000
    5.2980   12.0000   10.0000   28.0000    6.0000   12.0000   39.0000  131.0000
    6.3580   16.0000    6.0000   28.0000   16.0000   16.0000   28.0000  114.0000
    6.1347   14.0000   17.0000   37.0000   14.0000   10.0000   35.0000   98.0000
    6.0587   13.0000   13.0000   32.0000         0         0   41.0000  124.0000
    6.1757   14.0000    9.0000   29.0000   12.0000   12.0000   30.0000  125.0000
    5.7685   18.0000   12.0000   36.0000   16.0000   10.0000   38.0000  100.0000
    6.1757   14.0000   11.0000   31.0000    9.0000   11.0000   21.0000   84.0000
    5.9010   12.0000   10.0000   28.0000   12.0000    8.0000   26.0000  113.0000
    5.9917   16.0000   13.0000   35.0000   12.0000   10.0000   46.0000  102.0000
    5.4817   18.0000    7.0000   31.0000    9.0000   12.0000   33.0000   82.0000
    5.9917   14.0000   15.0000   35.0000   10.0000   12.0000   47.0000  112.0000
    5.8467   16.0000    9.0000   31.0000    5.0000    8.0000   38.0000  111.0000
    6.3097   13.0000   11.0000   30.0000    8.0000   11.0000   24.0000   96.0000
    6.4527   16.0000   15.0000   37.0000   16.0000   16.0000   48.0000  127.0000
    6.9482   15.0000   16.0000   37.0000         0    8.0000   47.0000   97.0000
    7.6012   14.0000   16.0000   36.0000         0   12.0000   50.0000  120.0000
    5.8837   16.0000   13.0000   35.0000   14.0000   16.0000   41.0000  101.0000
    5.8927   14.0000   17.0000   37.0000   12.0000   12.0000   40.0000  120.0000
    5.9427   13.0000   12.0000   31.0000   10.0000    8.0000   34.0000   99.0000
    5.4317   13.0000   10.0000   29.0000    9.0000    8.0000   33.0000   78.0000
    5.2985   12.0000   14.0000   32.0000   11.0000    5.0000   23.0000  110.0000
    4.7487   12.0000   12.0000   30.0000   11.0000    5.0000   35.0000   94.0000
    6.3587   16.0000   15.0000   37.0000   13.0000   17.0000   50.0000  120.0000
    6.2712   12.0000   18.0000   36.0000    8.0000    8.0000   45.0000  108.0000
    6.0637   12.0000   15.0000   33.0000   11.0000   11.0000   31.0000  103.0000
    6.2142   11.0000   18.0000   35.0000         0         0   39.0000   97.0000
    6.2147   12.0000   17.0000   35.0000   13.0000   11.0000   36.0000  106.0000
    5.5137   11.0000   12.0000   29.0000         0         0   22.0000   99.0000
    6.0077   10.0000   21.0000   37.0000         0   11.0000   18.0000   72.0000
    5.7687   10.0000   21.0000   37.0000    8.0000   11.0000   29.0000   88.0000
    6.0407   16.0000   15.0000   37.0000   13.0000   12.0000   37.0000  119.0000
    6.2909   12.0000   18.0000   36.0000         0    8.0000   33.0000   87.0000
    5.7899   17.0000   11.0000   34.0000   12.0000   11.0000   49.0000  121.0000
    5.9669   12.0000   12.0000   30.0000    8.0000   12.0000   33.0000  112.0000
    6.2110   15.0000   15.0000   36.0000   15.0000   12.0000   36.0000  103.0000
    6.8689   16.0000   15.0000   37.0000   18.0000   16.0000   48.0000   99.0000
    6.1757   15.0000   16.0000   37.0000   12.0000   12.0000   40.0000  101.0000
    6.1453   15.0000   11.0000   32.0000         0         0   34.0000  117.0000
    6.0095   14.0000   16.0000   36.0000    8.0000    8.0000   41.0000  109.0000
    6.4343   12.0000   13.0000   31.0000   12.0000   12.0000   46.0000   73.0000
    5.7897   16.0000    9.0000   31.0000   16.0000   16.0000   27.0000  116.0000
    5.7837   12.0000   11.0000   29.0000   12.0000   12.0000   42.0000   98.0000
    5.8472   14.0000   10.0000   30.0000   12.0000   14.0000   43.0000  104.0000
    5.7117   14.0000   11.0000   31.0000   12.0000   12.0000   29.0000   78.0000
    6.0027   12.0000   19.0000   37.0000         0         0   43.0000  104.0000
    6.2535   12.0000   16.0000   34.0000   12.0000   12.0000   39.0000   85.0000
    6.0157   12.0000   11.0000   29.0000   10.0000   12.0000   25.0000  104.0000
    6.2917   12.0000   17.0000   35.0000         0         0   37.0000  107.0000
    5.9927   12.0000   19.0000   37.0000   10.0000    8.0000   48.0000  109.0000
    5.9460   13.0000   18.0000   37.0000         0   11.0000   31.0000  119.0000
    6.4219   13.0000   11.0000   30.0000   11.0000   10.0000   33.0000   96.0000
    5.7087   12.0000   12.0000   30.0000         0         0   31.0000   93.0000
    5.6547   12.0000   19.0000   37.0000   12.0000   12.0000   32.0000   90.0000
    6.1095   15.0000   11.0000   32.0000         0   12.0000   29.0000  103.0000
    6.7177   16.0000   11.0000   33.0000   12.0000   14.0000   41.0000  106.0000
    5.8997   16.0000    8.0000   30.0000   12.0000   14.0000   32.0000   96.0000
    5.4807   12.0000   12.0000   30.0000    8.0000    8.0000   39.0000  114.0000
    5.9407   11.0000   14.0000   31.0000         0    9.0000   33.0000   86.0000
    5.7685   16.0000   10.0000   32.0000   12.0000   13.0000   38.0000  110.0000
    6.3140   12.0000   20.0000   38.0000   12.0000   12.0000   41.0000   87.0000
    5.9917   12.0000   10.0000   28.0000   12.0000   13.0000   31.0000   89.0000
    5.9140   12.0000   13.0000   31.0000         0    8.0000   40.0000  106.0000
    5.6343   12.0000   14.0000   32.0000    8.0000    5.0000   43.0000  100.0000
    6.2705   12.0000   16.0000   34.0000    4.0000   16.0000   38.0000  111.0000
    6.1757   12.0000   19.0000   37.0000   12.0000   12.0000   40.0000  100.0000
    6.3577   12.0000   15.0000   33.0000   10.0000   12.0000   38.0000  114.0000
    5.6892   18.0000   10.0000   34.0000         0   13.0000   45.0000   98.0000
    5.7447   11.0000   13.0000   30.0000    8.0000    9.0000   24.0000   89.0000
    6.1092   10.0000   14.0000   30.0000    9.0000   11.0000   23.0000   74.0000
    6.0010   18.0000   13.0000   37.0000   12.0000   12.0000   37.0000  110.0000
    5.8579   13.0000   19.0000   38.0000   14.0000   11.0000   29.0000  130.0000
    6.5119   16.0000   14.0000   36.0000   10.0000   12.0000   51.0000  108.0000
    5.8865   12.0000   15.0000   33.0000    8.0000   10.0000   31.0000   98.0000
    6.2147   16.0000    8.0000   30.0000         0   16.0000   27.0000  125.0000
    6.0917   16.0000    7.0000   29.0000   12.0000   12.0000   29.0000  104.0000
    5.5091   14.0000   10.0000   30.0000   10.0000    8.0000   33.0000   98.0000
    6.0913   15.0000   12.0000   33.0000   12.0000   11.0000   37.0000  104.0000
    5.9527   12.0000   18.0000   36.0000    8.0000    8.0000   33.0000  120.0000
    5.6647   13.0000   11.0000   30.0000    8.0000    8.0000   38.0000  134.0000
    5.9919    9.0000   19.0000   34.0000    8.0000    8.0000   28.0000   92.0000
    5.5727   16.0000    8.0000   30.0000   16.0000   13.0000   34.0000  129.0000
    6.2307   14.0000   16.0000   36.0000   12.0000   12.0000   42.0000  118.0000
    6.2637   12.0000   10.0000   28.0000         0   12.0000   37.0000  107.0000
    5.8465   12.0000   20.0000   38.0000   11.0000   12.0000   37.0000   92.0000
    6.3577   16.0000    7.0000   29.0000   12.0000   16.0000   33.0000  118.0000
    6.3765   17.0000    8.0000   31.0000   14.0000   12.0000   38.0000  108.0000
    6.2519   12.0000   18.0000   36.0000    8.0000   12.0000   42.0000  119.0000
    5.6600   12.0000   11.0000   29.0000    7.0000    8.0000   29.0000  109.0000
    6.0867   12.0000   18.0000   36.0000    8.0000    8.0000   41.0000   91.0000
    6.1095   14.0000   10.0000   30.0000   10.0000   12.0000   38.0000  118.0000
    5.4160   13.0000   11.0000   30.0000         0   14.0000   37.0000  119.0000
    6.0967   14.0000   11.0000   31.0000   12.0000   14.0000   33.0000  103.0000
    5.9527   16.0000    6.0000   28.0000    8.0000   12.0000   25.0000  120.0000
    5.8360   18.0000   10.0000   34.0000    6.0000    8.0000   40.0000  122.0000
    5.6207   12.0000   10.0000   28.0000         0    8.0000   35.0000  119.0000
    6.2249   11.0000   21.0000   38.0000    6.0000    9.0000   37.0000  104.0000
    5.4807   11.0000   12.0000   29.0000    8.0000    8.0000   22.0000   96.0000
    5.4737   12.0000   16.0000   34.0000    8.0000    8.0000   36.0000   83.0000
    5.9240   12.0000   11.0000   29.0000         0         0   37.0000  115.0000
    5.5907   12.0000   11.0000   29.0000    8.0000   10.0000   27.0000   88.0000
    5.7597   12.0000   18.0000   36.0000    8.0000    8.0000   43.0000   96.0000
    6.3577   17.0000   15.0000   38.0000    6.0000   12.0000   42.0000  123.0000
    5.8139   12.0000   16.0000   34.0000    7.0000   11.0000   43.0000  108.0000
    5.9765   16.0000    7.0000   29.0000   12.0000   12.0000   35.0000  116.0000
    5.8187   18.0000   12.0000   36.0000   12.0000   16.0000   45.0000  109.0000
    5.9657   13.0000   12.0000   31.0000   12.0000   12.0000   39.0000   97.0000
    6.1927   12.0000   10.0000   28.0000   10.0000   12.0000   34.0000  107.0000
    5.6090   12.0000   17.0000   35.0000   14.0000   12.0000   27.0000   95.0000
    5.4805   15.0000    9.0000   30.0000   12.0000   15.0000   31.0000  109.0000
    5.7037   12.0000   15.0000   33.0000   12.0000   12.0000   36.0000  104.0000
    6.1787   12.0000   20.0000   38.0000   12.0000   12.0000   37.0000  110.0000
    5.6977   13.0000   17.0000   36.0000    8.0000   13.0000   40.0000   94.0000
    5.8857   12.0000   19.0000   37.0000    6.0000    8.0000   38.0000  103.0000
    6.3100   14.0000   12.0000   32.0000   12.0000    8.0000   45.0000  123.0000
    5.5989   12.0000   13.0000   31.0000   12.0000    6.0000   33.0000  113.0000
    5.3937   16.0000   16.0000   38.0000         0         0   35.0000  110.0000
    5.5057   14.0000   10.0000   30.0000   12.0000   12.0000   31.0000  100.0000
    5.8957   13.0000   12.0000   31.0000   12.0000   12.0000   39.0000   95.0000
    5.7287   12.0000   18.0000   36.0000    8.0000    8.0000   34.0000  100.0000
    5.9757   13.0000   18.0000   37.0000    8.0000   15.0000   39.0000  108.0000
    6.2142   12.0000   19.0000   37.0000         0   12.0000   47.0000  101.0000
    6.4223   12.0000   17.0000   35.0000   16.0000   12.0000   43.0000   90.0000
    6.1355   12.0000   17.0000   35.0000    5.0000    8.0000   41.0000  115.0000
    6.3102   16.0000   11.0000   33.0000         0         0   41.0000  114.0000
    5.2980   13.0000   10.0000   29.0000   11.0000   11.0000   33.0000   84.0000
    6.0867   13.0000   19.0000   38.0000         0   12.0000   37.0000   92.0000
    5.6645   14.0000   17.0000   37.0000   11.0000   12.0000   44.0000  125.0000
    6.2080   12.0000   20.0000   38.0000    8.0000   11.0000   42.0000  107.0000
    6.1837   14.0000   12.0000   32.0000    9.0000    8.0000   33.0000  129.0000
    5.9397   12.0000   12.0000   30.0000   12.0000   12.0000   40.0000   98.0000
    6.0230   12.0000   20.0000   38.0000         0    8.0000   41.0000  108.0000
    6.2147   16.0000    8.0000   30.0000    8.0000    2.0000   37.0000  114.0000
    5.8632   18.0000   10.0000   34.0000   11.0000   12.0000   37.0000  111.0000
    5.9061   12.0000   10.0000   28.0000   12.0000   12.0000   29.0000  101.0000
    5.4157   12.0000   16.0000   34.0000   12.0000   12.0000   25.0000   99.0000
    5.4172   12.0000   12.0000   30.0000    8.0000   12.0000   24.0000   75.0000
    5.5957   12.0000   20.0000   38.0000         0    6.0000   29.0000   91.0000
    5.7899   17.0000   10.0000   33.0000   10.0000   12.0000   38.0000  113.0000
    5.8469   12.0000   17.0000   35.0000         0    8.0000   34.0000  120.0000
    6.0967   14.0000    9.0000   29.0000   15.0000   12.0000   32.0000   98.0000
    6.4225   16.0000   11.0000   33.0000   16.0000   16.0000   31.0000  107.0000
    6.3575   18.0000    8.0000   32.0000   12.0000   12.0000   39.0000  121.0000
    6.6202   11.0000   21.0000   38.0000         0         0   40.0000  115.0000
    6.2887   15.0000   14.0000   35.0000   10.0000   12.0000   42.0000  134.0000
    6.5679   17.0000   14.0000   37.0000         0         0   47.0000   96.0000
    6.0160   16.0000    7.0000   29.0000   16.0000   12.0000   38.0000  120.0000
    6.0959   15.0000   11.0000   32.0000   10.0000   12.0000   36.0000  105.0000
    6.3639   12.0000   16.0000   34.0000         0   10.0000   40.0000  121.0000
    5.8243   16.0000    8.0000   30.0000    9.0000   12.0000   29.0000  113.0000
    6.3405   12.0000   11.0000   29.0000   13.0000   12.0000   37.0000  106.0000
    6.1190   18.0000   11.0000   35.0000   12.0000    9.0000   41.0000  104.0000
    6.6067   11.0000   16.0000   33.0000   10.0000   10.0000   23.0000   80.0000
    6.4457   12.0000   12.0000   30.0000   10.0000   10.0000   28.0000  117.0000
    5.6634   16.0000    6.0000   28.0000   12.0000   12.0000   42.0000  126.0000
    6.3577   12.0000   18.0000   36.0000    8.0000   10.0000   42.0000  112.0000
    5.5952   13.0000   19.0000   38.0000         0         0   47.0000  104.0000
    6.1097   12.0000   13.0000   31.0000   10.0000    9.0000   33.0000  116.0000
    5.9917   12.0000   14.0000   32.0000    8.0000    8.0000   18.0000   70.0000
    5.8583   12.0000   14.0000   32.0000    6.0000    6.0000   20.0000   83.0000
    6.3969   12.0000   14.0000   32.0000    6.0000    6.0000   13.0000   84.0000
    5.5375   10.0000   17.0000   33.0000         0         0   30.0000   82.0000
    6.6437   12.0000   13.0000   31.0000    8.0000   12.0000   32.0000  109.0000
    5.7295   14.0000    9.0000   29.0000   12.0000   12.0000   25.0000  111.0000
    5.7347   12.0000   19.0000   37.0000    7.0000   12.0000   33.0000   94.0000
    4.9412   16.0000    8.0000   30.0000    8.0000   12.0000   32.0000   96.0000
    5.9657   13.0000   11.0000   30.0000   13.0000   12.0000   33.0000  101.0000
    6.3037   12.0000   12.0000   30.0000   12.0000   12.0000   35.0000   90.0000
    6.7507   16.0000   15.0000   37.0000   12.0000   12.0000   48.0000  120.0000
    5.6347   16.0000    7.0000   29.0000   12.0000   12.0000   38.0000  120.0000
    6.1737   12.0000   15.0000   33.0000         0    8.0000   29.0000  108.0000
    6.1407   13.0000   17.0000   36.0000    8.0000   12.0000   43.0000   99.0000
    6.0812   11.0000   17.0000   34.0000    6.0000   12.0000   31.0000   80.0000
    5.8215   11.0000   19.0000   36.0000    5.0000   10.0000   45.0000   93.0000
    6.1345   12.0000   20.0000   38.0000         0         0   46.0000   85.0000
    6.2145   15.0000   11.0000   32.0000   10.0000   11.0000   43.0000  118.0000
    5.7449   12.0000   13.0000   31.0000         0   12.0000   31.0000  115.0000
    6.2225   16.0000    8.0000   30.0000   11.0000   10.0000   28.0000  119.0000
    6.4237   12.0000   14.0000   32.0000   11.0000   12.0000   39.0000   94.0000
    6.1347   16.0000   12.0000   34.0000   16.0000   13.0000   42.0000  109.0000
    4.8207   13.0000   14.0000   33.0000    8.0000   14.0000   37.0000  104.0000
    5.7199   12.0000   12.0000   30.0000    6.0000    7.0000   21.0000   89.0000
    6.6230   12.0000   18.0000   36.0000    8.0000   12.0000   28.0000  101.0000
    5.9917   16.0000    9.0000   31.0000    7.0000   12.0000   34.0000   96.0000
    4.9417   12.0000   18.0000   36.0000    7.0000    9.0000   48.0000  109.0000
    5.8415   12.0000   19.0000   37.0000    6.0000    4.0000   38.0000   94.0000
    5.7557   12.0000   16.0000   34.0000    5.0000    6.0000   34.0000  115.0000
    5.9520   12.0000   20.0000   38.0000    4.0000    8.0000   41.0000   92.0000
    5.6562    9.0000   15.0000   30.0000    5.0000   11.0000   32.0000   71.0000
    6.1509   14.0000   13.0000   33.0000   11.0000   12.0000   39.0000  130.0000
    7.0512   16.0000   10.0000   32.0000   12.0000   12.0000   38.0000  119.0000
    4.9417   12.0000   14.0000   32.0000   13.0000   10.0000   24.0000   74.0000
    6.1120   12.0000   14.0000   32.0000    8.0000   12.0000   25.0000  104.0000
    6.1757   15.0000    7.0000   28.0000         0   10.0000   23.0000  124.0000
    5.1927   15.0000   10.0000   31.0000         0   12.0000   29.0000   94.0000
    6.0477   16.0000   15.0000   37.0000    4.0000   12.0000   44.0000  120.0000
    5.9917   11.0000   20.0000   37.0000    9.0000    8.0000   40.0000   96.0000
    4.8447   12.0000   18.0000   36.0000    5.0000    7.0000   35.0000   67.0000
    5.4047   11.0000   17.0000   34.0000    8.0000    8.0000   26.0000   69.0000
    6.3542   12.0000   10.0000   28.0000   11.0000   12.0000   42.0000   98.0000
    5.9867    9.0000   23.0000   38.0000    4.0000    7.0000   23.0000   92.0000
    6.6849   14.0000   13.0000   33.0000   10.0000    9.0000   44.0000  109.0000
    5.6085   18.0000    6.0000   30.0000   12.0000   12.0000   39.0000  100.0000
    5.4385   12.0000   12.0000   30.0000   12.0000   11.0000   25.0000  101.0000
    6.4535   16.0000   10.0000   32.0000    9.0000   12.0000   40.0000  111.0000
    6.2887   16.0000   15.0000   37.0000   14.0000    8.0000   38.0000  106.0000
    6.5515   12.0000   19.0000   37.0000   10.0000   12.0000   37.0000  102.0000
    6.0637   14.0000   10.0000   30.0000   10.0000   12.0000   28.0000  115.0000
    6.3969   12.0000   10.0000   28.0000    8.0000   10.0000   37.0000   99.0000
    6.2337   16.0000   14.0000   36.0000   10.0000   11.0000   48.0000  118.0000
    6.1752   13.0000   14.0000   33.0000   16.0000   13.0000   37.0000  132.0000
    5.5217   13.0000   11.0000   30.0000   16.0000   12.0000   26.0000  108.0000
    5.9916   12.0000   15.0000   33.0000   10.0000   14.0000   40.0000   98.0000
    6.0707   13.0000   17.0000   36.0000   11.0000    8.0000   44.0000  111.0000
    5.6247   11.0000   21.0000   38.0000    8.0000    8.0000   36.0000   79.0000
    5.9912   12.0000   13.0000   31.0000   11.0000   12.0000   29.0000   97.0000
    5.7289   15.0000   17.0000   38.0000   14.0000   12.0000   49.0000   99.0000
    5.9007   16.0000    9.0000   31.0000         0   12.0000   33.0000  101.0000
    6.0075   17.0000   13.0000   36.0000   18.0000   12.0000   45.0000  120.0000
    5.7040   12.0000   11.0000   29.0000    8.0000    8.0000   33.0000   97.0000
    6.0862   12.0000   18.0000   36.0000   12.0000    8.0000   34.0000  106.0000
    5.7837   16.0000    8.0000   30.0000   12.0000   12.0000   44.0000  131.0000
    5.9917   11.0000   17.0000   34.0000    8.0000   12.0000   32.0000   93.0000
    5.5957   12.0000   14.0000   32.0000    8.0000    8.0000   23.0000   79.0000
    6.1202   12.0000   13.0000   31.0000         0   11.0000   38.0000  100.0000
    6.1349   16.0000   11.0000   33.0000    8.0000    9.0000   30.0000  107.0000
    6.4227   12.0000   14.0000   32.0000   10.0000         0   42.0000  112.0000
    5.6647   12.0000   12.0000   30.0000   10.0000   12.0000   22.0000  105.0000
    5.7867   12.0000   13.0000   31.0000   10.0000   12.0000   25.0000  114.0000
    6.1739   12.0000   20.0000   38.0000         0    8.0000   36.0000  116.0000
    6.0867   12.0000   19.0000   37.0000   13.0000   11.0000   41.0000  104.0000
    6.0477   12.0000   17.0000   35.0000   12.0000    9.0000   48.0000   85.0000
    5.9527   12.0000   12.0000   30.0000   12.0000    9.0000   46.0000   93.0000
    5.3779   12.0000   19.0000   37.0000    7.0000    8.0000   40.0000  100.0000
    5.9297   11.0000   12.0000   29.0000         0         0   20.0000   71.0000
    6.2884   16.0000   10.0000   32.0000   12.0000   12.0000   36.0000   88.0000
    6.4772   12.0000   11.0000   29.0000    8.0000   12.0000   32.0000   93.0000
    5.2987   13.0000   13.0000   32.0000    8.0000   12.0000   26.0000   98.0000
    5.9919   14.0000    8.0000   28.0000   10.0000   12.0000   35.0000  110.0000
    5.7247   12.0000   17.0000   35.0000    6.0000         0   31.0000  109.0000
    5.7760   14.0000   13.0000   33.0000   12.0000   11.0000   38.0000   94.0000
    5.3937   12.0000   19.0000   37.0000    8.0000    8.0000   36.0000   77.0000
    6.0241   11.0000   17.0000   34.0000         0         0   35.0000   89.0000
    5.6667   12.0000   12.0000   30.0000    6.0000   12.0000   44.0000  102.0000
    6.0297   14.0000   14.0000   34.0000   14.0000   16.0000   49.0000  113.0000
    4.7002   10.0000   16.0000   32.0000    5.0000   12.0000   38.0000  103.0000
    5.0747   10.0000   16.0000   32.0000         0    8.0000   36.0000   90.0000
    5.4377   11.0000   18.0000   35.0000    7.0000   12.0000   31.0000   96.0000
    5.8287   11.0000   20.0000   37.0000    6.0000   12.0000   35.0000   97.0000
    5.5379   12.0000   14.0000   32.0000         0   10.0000   35.0000   87.0000
    6.2595   12.0000   19.0000   37.0000         0   15.0000   39.0000   89.0000
    6.2450   13.0000   11.0000   30.0000         0    8.0000   28.0000   70.0000
    6.2307   16.0000    9.0000   31.0000   17.0000   16.0000   34.0000  104.0000
    5.0595   16.0000   11.0000   33.0000   12.0000   11.0000   36.0000  116.0000
    5.9537   14.0000    8.0000   28.0000         0    7.0000   32.0000   85.0000
    6.4895   15.0000   16.0000   37.0000   12.0000   12.0000   47.0000  104.0000
    5.7707   12.0000   11.0000   29.0000   12.0000    9.0000   26.0000   99.0000
    5.6655   12.0000   12.0000   30.0000    6.0000    6.0000   18.0000   93.0000
    5.7047   13.0000    9.0000   28.0000   10.0000   12.0000   37.0000  114.0000
    5.2737   17.0000    8.0000   31.0000   16.0000   12.0000   40.0000  103.0000
    6.3277   12.0000   18.0000   36.0000    2.0000    6.0000   34.0000   92.0000
    6.0475   18.0000    7.0000   31.0000   12.0000    8.0000   41.0000   98.0000
    5.8477   13.0000   18.0000   37.0000         0   12.0000   48.0000  114.0000
    5.5987   12.0000   20.0000   38.0000    6.0000   12.0000   42.0000   77.0000
    5.0107   14.0000   10.0000   30.0000         0   13.0000   24.0000   89.0000
    4.8677   14.0000   13.0000   33.0000         0   16.0000   44.0000   93.0000
    4.9307   12.0000   20.0000   38.0000    5.0000   12.0000   37.0000  110.0000
    6.3577   17.0000   10.0000   33.0000   12.0000    8.0000   39.0000  132.0000
    5.6147   16.0000   10.0000   32.0000    2.0000    8.0000   37.0000  112.0000
    5.7302   12.0000   18.0000   36.0000   12.0000   12.0000   42.0000   99.0000
    6.0350   16.0000   10.0000   32.0000         0   10.0000   26.0000   96.0000
    5.7295   13.0000   19.0000   38.0000   14.0000   12.0000   45.0000  106.0000
    6.2707   16.0000   11.0000   33.0000         0   18.0000   43.0000  128.0000
    6.4827   12.0000   20.0000   38.0000    3.0000         0   48.0000   95.0000
    5.1157   12.0000   12.0000   30.0000    7.0000    8.0000   30.0000   80.0000
    5.3585   11.0000   15.0000   32.0000    6.0000    6.0000   24.0000   71.0000
    5.8089   12.0000   16.0000   34.0000         0    9.0000   28.0000   89.0000
    6.8282   18.0000    8.0000   32.0000   16.0000   12.0000   45.0000  127.0000
    6.0297   16.0000    9.0000   31.0000    8.0000    8.0000   43.0000  114.0000
    6.2147   13.0000   11.0000   30.0000         0    7.0000   30.0000  102.0000
    5.7167   12.0000   13.0000   31.0000    7.0000   12.0000   34.0000   88.0000
    6.1835   12.0000   11.0000   29.0000    7.0000   12.0000   32.0000   88.0000
    6.8682   15.0000   16.0000   37.0000   12.0000   14.0000   45.0000  110.0000
    6.3577   13.0000   10.0000   29.0000    9.0000    7.0000   40.0000  110.0000
    5.8467   16.0000    8.0000   30.0000   12.0000    8.0000   39.0000  130.0000
    5.8649   12.0000   18.0000   36.0000         0         0   44.0000  100.0000
    5.9917   12.0000   17.0000   35.0000         0   12.0000   36.0000  101.0000
    5.9270   10.0000   16.0000   32.0000         0    9.0000   36.0000   89.0000
    5.7297   12.0000   17.0000   35.0000   12.0000   12.0000   25.0000   80.0000
    5.9917   12.0000   16.0000   34.0000   12.0000   12.0000   20.0000   72.0000
    6.5942   18.0000   12.0000   36.0000   12.0000   12.0000   56.0000  115.0000
    6.5117   16.0000   15.0000   37.0000   17.0000   12.0000   48.0000  115.0000
    5.7602   16.0000    9.0000   31.0000    8.0000    8.0000   47.0000  108.0000
    5.6127   12.0000   20.0000   38.0000    3.0000    8.0000   27.0000   93.0000
    5.4417   16.0000    7.0000   29.0000   18.0000   18.0000   37.0000  111.0000
    6.0307   12.0000   20.0000   38.0000   12.0000   11.0000   38.0000  101.0000
    6.2147   16.0000   10.0000   32.0000   10.0000   12.0000   42.0000   92.0000
    5.4807   13.0000    9.0000   28.0000         0    5.0000   40.0000  115.0000
    5.2577   12.0000   17.0000   35.0000   10.0000   11.0000   29.0000   76.0000
    5.9917   11.0000   12.0000   29.0000   12.0000   12.0000   26.0000   93.0000
    6.1620   12.0000   18.0000   36.0000    8.0000    8.0000   39.0000   91.0000
    5.3705   10.0000   18.0000   34.0000    9.0000    9.0000   35.0000   90.0000
    5.1707   12.0000   12.0000   30.0000    4.0000    9.0000   23.0000   84.0000
    5.2687   12.0000   12.0000   30.0000         0         0   43.0000  120.0000
    5.6417    9.0000   21.0000   36.0000         0         0   32.0000   89.0000
    6.4297   12.0000   16.0000   34.0000   10.0000    9.0000   47.0000  104.0000
    5.9507   12.0000   11.0000   29.0000    9.0000    6.0000   23.0000  107.0000
    5.9917   12.0000   14.0000   32.0000   12.0000   12.0000   42.0000  100.0000
    5.5217   18.0000   12.0000   36.0000   15.0000   15.0000   40.0000  129.0000
    6.2887   16.0000   13.0000   35.0000   16.0000   12.0000   39.0000  112.0000
    5.9517   12.0000   13.0000   31.0000    8.0000         0   17.0000   76.0000
    5.2557   12.0000   20.0000   38.0000         0         0   45.0000   97.0000
    6.3979   11.0000   19.0000   36.0000    2.0000   11.0000   38.0000   98.0000
    6.4065   16.0000    9.0000   31.0000         0         0   34.0000   60.0000
    5.9732   18.0000    8.0000   32.0000    7.0000   12.0000   45.0000  132.0000
    5.4985   14.0000   18.0000   38.0000         0    6.0000   31.0000   90.0000
    5.1927   11.0000   14.0000   31.0000         0    7.0000   26.0000   63.0000
    5.6302   14.0000   12.0000   32.0000   16.0000   13.0000   36.0000  110.0000
    5.7942   11.0000   17.0000   34.0000         0         0   38.0000   88.0000
    5.7942   11.0000   18.0000   35.0000    6.0000         0   41.0000   98.0000
    5.5372   12.0000   11.0000   29.0000    3.0000    8.0000   24.0000   61.0000
    5.6417   12.0000   19.0000   37.0000         0         0   32.0000   76.0000
    6.4397   12.0000   11.0000   29.0000         0   11.0000   44.0000  127.0000
    6.4827   13.0000   17.0000   36.0000    8.0000    8.0000   39.0000   94.0000
    6.3575   16.0000   10.0000   32.0000   16.0000   16.0000   48.0000   97.0000
    5.4037   16.0000    9.0000   31.0000   12.0000   12.0000   44.0000  127.0000
    6.1737   15.0000   12.0000   33.0000   12.0000   11.0000   42.0000  109.0000
    5.9525   12.0000   13.0000   31.0000    3.0000    3.0000   21.0000   89.0000
    6.0427   12.0000   19.0000   37.0000   11.0000   11.0000   33.0000   90.0000
    6.1740   12.0000   10.0000   28.0000    7.0000   12.0000   39.0000  105.0000
    6.2042   12.0000   16.0000   34.0000         0    8.0000   27.0000  100.0000
    6.5805   16.0000    9.0000   31.0000   12.0000   16.0000   40.0000  111.0000
    5.5379   17.0000    8.0000   31.0000   13.0000   16.0000   44.0000  125.0000
    6.8022   16.0000    7.0000   29.0000   10.0000   12.0000   20.0000  124.0000
    6.7349   14.0000   12.0000   32.0000   12.0000   12.0000   41.0000  107.0000
    5.7037   13.0000   16.0000   35.0000   16.0000   12.0000   45.0000  110.0000
    5.8207   14.0000    9.0000   29.0000   16.0000   16.0000   32.0000  102.0000
    5.0967   12.0000   20.0000   38.0000         0         0   26.0000   93.0000
    5.9957   12.0000   16.0000   34.0000         0   12.0000   36.0000   81.0000
    5.5607   12.0000   12.0000   30.0000   10.0000   12.0000   36.0000   99.0000
    5.7787   12.0000   19.0000   37.0000         0         0   26.0000   93.0000
    6.8685   13.0000   11.0000   30.0000   12.0000   12.0000   35.0000  102.0000
    5.9010   12.0000   20.0000   38.0000    5.0000   12.0000   44.0000   95.0000
    5.7287   16.0000   13.0000   35.0000    8.0000   11.0000   37.0000   98.0000
    4.9277   12.0000   13.0000   31.0000         0         0   28.0000   84.0000
    5.2887   12.0000   13.0000   31.0000    7.0000         0   30.0000   88.0000
    5.9274   16.0000    9.0000   31.0000         0    4.0000   41.0000  109.0000
    7.3132   12.0000   20.0000   38.0000    5.0000    8.0000   41.0000   82.0000
    6.2025   14.0000   12.0000   32.0000         0   12.0000   22.0000  105.0000
    6.1837   12.0000   20.0000   38.0000    8.0000   12.0000   36.0000   95.0000
    5.4417   15.0000    7.0000   28.0000    7.0000   10.0000   33.0000   92.0000
    5.4384   15.0000    9.0000   30.0000    6.0000    7.0000   26.0000   74.0000
    6.3967   16.0000   10.0000   32.0000   14.0000   12.0000   43.0000  123.0000
    6.1459   12.0000   12.0000   30.0000   12.0000   12.0000   24.0000   86.0000
    5.2147   11.0000   19.0000   36.0000         0         0   22.0000   92.0000
    5.9347   12.0000   20.0000   38.0000         0    8.0000   41.0000   87.0000
    6.7632   16.0000    9.0000   31.0000   10.0000   12.0000   39.0000  117.0000
    6.3965   16.0000   16.0000   38.0000    4.0000   12.0000   50.0000  112.0000
    6.3187   15.0000   12.0000   33.0000   18.0000   12.0000   41.0000  119.0000
    6.3965   16.0000   12.0000   34.0000         0         0   30.0000  103.0000
    5.6347   12.0000   18.0000   36.0000         0    9.0000   29.0000   74.0000
    5.8583   13.0000   13.0000   32.0000    9.0000    6.0000   33.0000   81.0000
    6.7627   18.0000    8.0000   32.0000   10.0000   10.0000   48.0000  124.0000
    5.7894   12.0000   18.0000   36.0000    8.0000    7.0000   38.0000   89.0000
    5.0747   12.0000   14.0000   32.0000    6.0000    7.0000   34.0000   88.0000
    6.0067   12.0000   14.0000   32.0000    5.0000    9.0000   31.0000   67.0000
    6.6200   16.0000    7.0000   29.0000   16.0000   12.0000   41.0000  106.0000
    5.5287   15.0000   11.0000   32.0000    5.0000   11.0000   30.0000  103.0000
    5.1807   12.0000   14.0000   32.0000    8.0000    6.0000   40.0000   91.0000
    5.6245   16.0000    9.0000   31.0000   12.0000   12.0000   34.0000  101.0000
    5.7417   12.0000   19.0000   37.0000         0   12.0000   30.0000   85.0000
    5.0157   12.0000   18.0000   36.0000   12.0000   12.0000   32.0000   83.0000
    5.5070   12.0000   17.0000   35.0000         0    8.0000   34.0000   70.0000
    6.5122   17.0000    9.0000   32.0000   11.0000   12.0000   54.0000  102.0000
    5.4229   12.0000   12.0000   30.0000    7.0000    7.0000   34.0000   94.0000
    6.3177   10.0000   21.0000   37.0000    8.0000   12.0000   38.0000   97.0000
    6.4227   17.0000    8.0000   31.0000   16.0000   12.0000   38.0000  115.0000
    6.1347   16.0000   13.0000   35.0000   18.0000   17.0000   38.0000  117.0000
    6.1759   14.0000   17.0000   37.0000    4.0000    8.0000   45.0000  105.0000
    5.9842   16.0000   16.0000   38.0000         0    8.0000   36.0000  113.0000
    5.2577   12.0000   19.0000   37.0000   11.0000   10.0000   37.0000   83.0000
    6.0009   18.0000   14.0000   38.0000   12.0000   17.0000   44.0000  101.0000
    6.3577   13.0000   17.0000   36.0000   12.0000   12.0000   36.0000  113.0000
    6.3019   13.0000   18.0000   37.0000         0   12.0000   31.0000   88.0000
    4.9417   12.0000   15.0000   33.0000         0   12.0000   41.0000   93.0000
    5.2987   12.0000   18.0000   36.0000         0    7.0000   39.0000   83.0000
    6.1345   16.0000    8.0000   30.0000   14.0000   16.0000   27.0000  113.0000
    5.4417   17.0000   10.0000   33.0000   16.0000   13.0000   43.0000  106.0000
    6.6842   15.0000    9.0000   30.0000   12.0000   12.0000   38.0000  106.0000
    6.2212   12.0000   19.0000   37.0000         0   10.0000   36.0000  114.0000
    6.0917   16.0000    8.0000   30.0000   10.0000   11.0000   32.0000  119.0000
    5.8967   14.0000   10.0000   30.0000    3.0000    9.0000   26.0000   82.0000
    5.9917   12.0000   20.0000   38.0000    4.0000    1.0000   40.0000   89.0000
    6.1397   12.0000   15.0000   33.0000    4.0000    3.0000   18.0000   74.0000
    5.8302   12.0000   11.0000   29.0000    4.0000    3.0000   22.0000   77.0000
    5.6527   12.0000   18.0000   36.0000         0         0   25.0000   75.0000
    5.9177   13.0000   11.0000   30.0000   12.0000   12.0000   28.0000   97.0000
    5.2979   12.0000   13.0000   31.0000    2.0000    6.0000   35.0000   68.0000
    6.2077   13.0000   14.0000   33.0000   12.0000   12.0000   51.0000   83.0000
    6.0547   12.0000   18.0000   36.0000         0   12.0000   40.0000   97.0000
    5.2005   12.0000   12.0000   30.0000   12.0000   12.0000   37.0000   98.0000
    6.0475   13.0000   11.0000   30.0000         0         0   30.0000  102.0000
    5.7837   10.0000   18.0000   34.0000    3.0000    8.0000   20.0000   81.0000
    4.9416   10.0000   19.0000   35.0000   10.0000    6.0000   27.0000   85.0000
    5.4377   10.0000   17.0000   33.0000         0         0   20.0000   86.0000
    5.1927   10.0000   20.0000   36.0000   12.0000   12.0000   23.0000   79.0000
    5.5870   12.0000   13.0000   31.0000    6.0000    8.0000   24.0000   84.0000
    5.1204   12.0000   12.0000   30.0000    6.0000    8.0000   24.0000   74.0000
    5.5217   16.0000   11.0000   33.0000         0         0   25.0000   92.0000
    5.7895   12.0000   18.0000   36.0000         0    6.0000   32.0000   93.0000
    5.2987    9.0000   23.0000   38.0000         0    6.0000   18.0000   69.0000
    6.0870   17.0000   11.0000   34.0000   18.0000   17.0000   41.0000  113.0000
    5.2390   12.0000   20.0000   38.0000    7.0000    8.0000   37.0000   92.0000
    5.4807   12.0000   10.0000   28.0000   12.0000    9.0000   44.0000  127.0000
    6.1759   12.0000   19.0000   37.0000         0    6.0000   44.0000  109.0000
    5.9527   12.0000   16.0000   34.0000    8.0000   10.0000   42.0000   97.0000
    5.8467   11.0000   13.0000   30.0000   10.0000         0   30.0000   66.0000
    6.3579   16.0000   13.0000   35.0000   14.0000   16.0000   46.0000  109.0000
    6.3665   16.0000   12.0000   34.0000   14.0000    4.0000   43.0000  109.0000
    5.6797   12.0000   18.0000   36.0000         0         0   36.0000  104.0000
    5.8467   13.0000   15.0000   34.0000    8.0000    8.0000   44.0000   85.0000
    5.6347   12.0000   13.0000   31.0000    4.0000    8.0000   26.0000   81.0000
    5.9657    9.0000   22.0000   37.0000    4.0000    5.0000   12.0000   87.0000
    6.2537   13.0000   14.0000   33.0000   12.0000   12.0000   40.0000   78.0000
    5.8857   14.0000   11.0000   31.0000   12.0000   12.0000   37.0000   54.0000
    5.8037   12.0000   18.0000   36.0000    8.0000    8.0000   33.0000   98.0000
    5.9917   12.0000   18.0000   36.0000         0   12.0000   34.0000   98.0000
    5.8017   16.0000    8.0000   30.0000   12.0000   16.0000   29.0000  105.0000
    5.3940   13.0000   12.0000   31.0000         0   12.0000   25.0000   87.0000
    6.1357   13.0000    9.0000   28.0000   12.0000   12.0000   25.0000  117.0000
    6.2582   15.0000    8.0000   29.0000   12.0000   12.0000   30.0000   85.0000
    5.6347   13.0000   11.0000   30.0000         0    8.0000   35.0000   82.0000
    6.6455   18.0000    8.0000   32.0000         0   12.0000   39.0000  114.0000
    5.0750   12.0000   14.0000   32.0000   12.0000   11.0000   21.0000   65.0000
    6.8690   18.0000   10.0000   34.0000   12.0000   12.0000   48.0000  105.0000
    6.2802   14.0000   12.0000   32.0000    7.0000    7.0000   20.0000   92.0000
    6.8280   13.0000   10.0000   29.0000   12.0000   12.0000   23.0000  107.0000
    6.4227   17.0000   14.0000   37.0000   16.0000   12.0000   41.0000  111.0000
    5.3147   12.0000   13.0000   31.0000         0         0   38.0000   73.0000
    6.2947   17.0000   12.0000   35.0000   16.0000   16.0000   49.0000  119.0000
    5.9912   12.0000   20.0000   38.0000   12.0000   12.0000   40.0000   97.0000
    5.9527   12.0000   15.0000   33.0000   10.0000   10.0000   34.0000  110.0000
    6.3100   12.0000   20.0000   38.0000   12.0000   12.0000   32.0000   96.0000
    5.9817   12.0000   16.0000   34.0000    8.0000    8.0000   23.0000   67.0000
    5.8917   12.0000   19.0000   37.0000   12.0000   12.0000   31.0000  102.0000
    6.2332   12.0000   20.0000   38.0000    2.0000         0   22.0000   64.0000
    6.4357   12.0000   16.0000   34.0000    8.0000    8.0000   32.0000  103.0000
    6.2627   10.0000   16.0000   32.0000    8.0000   12.0000   39.0000  118.0000
    5.9117   14.0000   15.0000   35.0000         0    7.0000   36.0000  118.0000
    5.8627   18.0000    7.0000   31.0000   13.0000   13.0000   41.0000  118.0000
    5.2987   13.0000   19.0000   38.0000   10.0000   12.0000   37.0000   75.0000
    6.2629   14.0000   12.0000   32.0000   10.0000   12.0000   45.0000  112.0000
    5.3937   12.0000   12.0000   30.0000   10.0000   12.0000   20.0000   95.0000
    6.1657   17.0000   11.0000   34.0000   14.0000   12.0000   38.0000  119.0000
    5.6350   14.0000   17.0000   37.0000   12.0000   12.0000   35.0000   94.0000
    6.1737   14.0000   10.0000   30.0000    7.0000    6.0000   27.0000  103.0000
    6.0832   16.0000   11.0000   33.0000   17.0000   14.0000   36.0000   90.0000
    6.3067   18.0000   12.0000   36.0000   12.0000   16.0000   50.0000  128.0000
    5.2882   13.0000   19.0000   38.0000    8.0000   12.0000   44.0000  110.0000
    6.2307   12.0000   12.0000   30.0000   12.0000   12.0000   40.0000   84.0000
    6.5967   12.0000   18.0000   36.0000   12.0000    8.0000   38.0000   97.0000
    5.8957   12.0000   15.0000   33.0000    7.0000   12.0000   34.0000  102.0000
    6.5487   18.0000    9.0000   33.0000   12.0000   12.0000   41.0000  131.0000
    5.3367   16.0000    8.0000   30.0000   12.0000   12.0000   23.0000  126.0000
    5.7787   16.0000    7.0000   29.0000   12.0000   12.0000   32.0000  107.0000
    6.8685   16.0000   14.0000   36.0000         0   12.0000   45.0000  108.0000
    5.8469   15.0000   17.0000   38.0000    8.0000    8.0000   49.0000   92.0000
    6.6129   16.0000   14.0000   36.0000   12.0000   12.0000   40.0000  108.0000
    5.9015   16.0000   12.0000   34.0000    8.0000   12.0000   46.0000  115.0000
    5.8477   14.0000   15.0000   35.0000   12.0000   12.0000   44.0000  111.0000
    6.3577   12.0000   18.0000   36.0000   12.0000   12.0000   47.0000  115.0000
    5.2987   14.0000   12.0000   32.0000    6.0000   11.0000   31.0000  101.0000
    6.5399   18.0000   13.0000   37.0000   13.0000   12.0000   48.0000  114.0000
    5.6712   18.0000    6.0000   30.0000   12.0000   12.0000   40.0000  116.0000
    5.8647   12.0000   18.0000   36.0000         0   12.0000   41.0000   90.0000
    6.1345   12.0000   10.0000   28.0000   17.0000   14.0000   33.0000  125.0000
    6.1837   12.0000   10.0000   28.0000   10.0000   12.0000   26.0000   98.0000
    6.4224   15.0000    8.0000   29.0000         0   10.0000   42.0000  111.0000
    6.7850   16.0000   10.0000   32.0000         0   12.0000   38.0000  109.0000
    6.8682   16.0000   15.0000   37.0000   12.0000   12.0000   36.0000  124.0000
    5.9917   13.0000   14.0000   33.0000   14.0000    8.0000   35.0000  121.0000
    5.8690   12.0000   12.0000   30.0000         0   10.0000   37.0000  103.0000
    6.5217   12.0000   11.0000   29.0000   12.0000   12.0000   19.0000   96.0000
    6.5217   12.0000   15.0000   33.0000    8.0000   12.0000   40.0000  100.0000
    6.1980   14.0000   12.0000   32.0000   12.0000         0   30.0000  104.0000
    6.0927   12.0000   20.0000   38.0000   12.0000   11.0000   38.0000  112.0000
    5.5217   11.0000   14.0000   31.0000   12.0000   12.0000   24.0000   73.0000
    5.8859   13.0000   10.0000   29.0000   11.0000   11.0000   39.0000  101.0000
    5.8347   12.0000   18.0000   36.0000   12.0000   12.0000   44.0000   99.0000
    6.2147   12.0000   14.0000   32.0000   12.0000   12.0000   23.0000   95.0000
    6.1137   18.0000   14.0000   38.0000   15.0000   18.0000   40.0000  109.0000
    5.8857   12.0000   10.0000   28.0000   13.0000   13.0000   35.0000  110.0000
    6.8689   17.0000   15.0000   38.0000         0    4.0000   49.0000   98.0000
    5.9527   15.0000   16.0000   37.0000   16.0000   12.0000   46.0000  112.0000
    6.8020   11.0000   21.0000   38.0000         0         0   37.0000   64.0000
    6.7632   12.0000   12.0000   30.0000    8.0000   11.0000   28.0000   90.0000
    6.0475   14.0000   16.0000   36.0000   10.0000   12.0000   46.0000  102.0000
    5.8857   16.0000    8.0000   30.0000   12.0000   12.0000   39.0000  119.0000
    5.9610   12.0000   13.0000   31.0000   10.0000    8.0000   34.0000   96.0000
    6.6455   18.0000   14.0000   38.0000   12.0000   12.0000   40.0000  118.0000
    6.3405   12.0000   19.0000   37.0000    8.0000    9.0000   39.0000   79.0000
    5.7047   12.0000   20.0000   38.0000    8.0000   10.0000   42.0000   96.0000
    6.3069   11.0000   11.0000   28.0000   11.0000   12.0000   27.0000   80.0000
    6.1750   13.0000   14.0000   33.0000         0   12.0000   36.0000  137.0000
    6.1347   15.0000   13.0000   34.0000    9.0000   12.0000   42.0000  116.0000
    6.0640   12.0000   17.0000   35.0000    8.0000   12.0000   31.0000   69.0000
    6.2147   12.0000   15.0000   33.0000    2.0000    6.0000   36.0000   78.0000
    6.3232   12.0000   20.0000   38.0000    8.0000    8.0000   41.0000   99.0000
    5.7897   12.0000   13.0000   31.0000   12.0000   16.0000   33.0000   92.0000
    5.7036   16.0000    7.0000   29.0000   12.0000   16.0000   23.0000  113.0000
    6.1139   13.0000   14.0000   33.0000         0   12.0000   29.0000   98.0000
    5.9725   15.0000    8.0000   29.0000   18.0000   12.0000   30.0000  115.0000
    6.1737    9.0000   19.0000   34.0000    8.0000         0   26.0000   96.0000
    6.2237   17.0000   12.0000   35.0000    8.0000    6.0000   41.0000  117.0000
    5.9397   12.0000   17.0000   35.0000    2.0000    8.0000   38.0000   96.0000
    4.0559   12.0000   11.0000   29.0000   11.0000   10.0000   46.0000  108.0000
    5.5957   17.0000    8.0000   31.0000   12.0000   16.0000   34.0000   92.0000
    6.1895   15.0000   16.0000   37.0000   16.0000   16.0000   38.0000   95.0000
    6.0477   14.0000   14.0000   34.0000    9.0000   15.0000   40.0000   94.0000
    5.7687   12.0000   20.0000   38.0000    8.0000    7.0000   38.0000  115.0000
    4.9957   18.0000    7.0000   31.0000         0         0   36.0000  117.0000
    6.6457   16.0000   14.0000   36.0000         0   12.0000   42.0000  105.0000
    5.8347   12.0000   18.0000   36.0000    6.0000    7.0000   36.0000  109.0000
    5.8457   12.0000   13.0000   31.0000   12.0000   12.0000   38.0000   87.0000
    6.1750   16.0000   14.0000   36.0000   13.0000   13.0000   34.0000  110.0000
    6.0157   16.0000    8.0000   30.0000   12.0000   10.0000   30.0000  110.0000
    5.6952   12.0000   13.0000   31.0000         0   17.0000   32.0000  109.0000
    5.5957   12.0000   17.0000   35.0000   12.0000   12.0000   21.0000   85.0000
    5.7687   14.0000   17.0000   37.0000   12.0000   10.0000   42.0000  105.0000
    6.1350   16.0000   11.0000   33.0000   12.0000   10.0000   39.0000  122.0000
    5.8687   17.0000   12.0000   35.0000    9.0000   14.0000   40.0000  108.0000
    5.7687   16.0000    9.0000   31.0000    8.0000   12.0000   38.0000  122.0000
    6.1737   17.0000    9.0000   32.0000    8.0000    8.0000   32.0000   79.0000
    5.5817   12.0000   11.0000   29.0000   12.0000   12.0000   30.0000  105.0000
    6.2145   12.0000   19.0000   37.0000         0         0   47.0000   90.0000
    5.9010   16.0000   12.0000   34.0000         0         0   38.0000  111.0000
    5.9917   12.0000   19.0000   37.0000   12.0000    8.0000   42.0000  110.0000
    5.8577   12.0000   11.0000   29.0000   14.0000   14.0000   32.0000   92.0000
    6.1757   16.0000   11.0000   33.0000   12.0000   12.0000   32.0000  131.0000
    5.5857   12.0000   11.0000   29.0000   12.0000   12.0000   32.0000  104.0000
    5.9117   16.0000   15.0000   37.0000    7.0000   12.0000   39.0000  110.0000
    5.7527   12.0000   10.0000   28.0000    3.0000   10.0000   20.0000   99.0000
    5.9397   10.0000   22.0000   38.0000    6.0000         0   31.0000   86.0000
    6.3577   12.0000   19.0000   37.0000         0         0   42.0000  105.0000
    5.8477   12.0000   12.0000   30.0000         0    6.0000   26.0000   85.0000
    5.5217    9.0000   19.0000   34.0000         0    4.0000   34.0000   72.0000
    5.6057   12.0000   14.0000   32.0000    7.0000    6.0000   35.0000   86.0000
    5.6247   12.0000   17.0000   35.0000    8.0000   12.0000   38.0000   68.0000
    5.7523   12.0000   20.0000   38.0000         0    6.0000   22.0000   95.0000
    6.8277   17.0000   15.0000   38.0000   13.0000   12.0000   42.0000  116.0000
    6.2885   14.0000   12.0000   32.0000    6.0000   10.0000   45.0000   96.0000
    5.5834   12.0000   14.0000   32.0000    8.0000    2.0000   36.0000   85.0000
    5.6647   12.0000   11.0000   29.0000    4.0000   12.0000   32.0000  100.0000
    6.3967   13.0000   13.0000   32.0000    8.0000   12.0000   38.0000  101.0000
    6.2639   15.0000   10.0000   31.0000    9.0000   16.0000   31.0000   97.0000
    5.9520   14.0000    9.0000   29.0000         0         0   30.0000  100.0000
    4.9913   12.0000   13.0000   31.0000         0         0   39.0000   96.0000
    5.9486   16.0000    8.0000   30.0000   12.0000   12.0000   39.0000  117.0000
    5.3682   12.0000   14.0000   32.0000   13.0000   16.0000   38.0000   93.0000
    5.7683   12.0000   10.0000   28.0000   12.0000    9.0000   37.0000  116.0000
    6.0134   12.0000   18.0000   36.0000    9.0000   12.0000   42.0000  106.0000
    6.1107   12.0000   18.0000   36.0000   12.0000   14.0000   45.0000   98.0000
    5.9269   15.0000   16.0000   37.0000    9.0000   12.0000   36.0000  103.0000
    5.8347   14.0000   13.0000   33.0000   12.0000         0   41.0000  118.0000
    5.3467   13.0000   12.0000   31.0000   12.0000   10.0000   22.0000  100.0000
    6.3908   12.0000   11.0000   29.0000   12.0000   10.0000   39.0000   96.0000
    5.3997   12.0000   12.0000   30.0000    9.0000    8.0000   22.0000   67.0000
    5.8410   12.0000   11.0000   29.0000   10.0000   10.0000   27.0000   96.0000
    6.5399   13.0000   12.0000   31.0000   14.0000   13.0000   42.0000  104.0000
    4.8480   17.0000   13.0000   36.0000   12.0000   14.0000   34.0000  106.0000
    5.6178   11.0000   16.0000   33.0000   10.0000    2.0000   34.0000   62.0000
    4.7746   12.0000   13.0000   31.0000    4.0000    3.0000   31.0000   73.0000
    5.4737   12.0000   15.0000   33.0000    8.0000    2.0000   26.0000   62.0000
    5.0807   12.0000   10.0000   28.0000   10.0000         0   28.0000   76.0000
    5.1187   12.0000   13.0000   31.0000   10.0000    9.0000   26.0000   76.0000
    6.1167   16.0000   14.0000   36.0000         0   12.0000   44.0000  106.0000
    5.6077   12.0000   17.0000   35.0000   10.0000    9.0000   24.0000   94.0000
    5.9397   11.0000   18.0000   35.0000    6.0000   10.0000   29.0000   81.0000
    5.4807   10.0000   20.0000   36.0000    6.0000    5.0000   15.0000   87.0000
    5.5777   13.0000   10.0000   29.0000    5.0000         0   25.0000   96.0000
    5.9137   12.0000   12.0000   30.0000         0    6.0000   27.0000   75.0000
    5.3937   12.0000   13.0000   31.0000    5.0000    5.0000   34.0000   95.0000
    5.4907   11.0000   13.0000   30.0000    7.0000    3.0000   19.0000   86.0000
    5.1357   10.0000   14.0000   30.0000    7.0000    3.0000   17.0000   86.0000
    5.1359   14.0000   11.0000   31.0000   18.0000    8.0000   41.0000  104.0000
    5.8469   12.0000   16.0000   34.0000    5.0000    7.0000   21.0000   95.0000
    5.4377   12.0000   11.0000   29.0000   12.0000    8.0000   37.0000  116.0000
    5.4307    9.0000   18.0000   33.0000    6.0000    8.0000   20.0000   66.0000
    5.7897   16.0000   10.0000   32.0000    5.0000         0   38.0000  101.0000
    5.9787   12.0000   11.0000   29.0000   12.0000   12.0000   23.0000   96.0000
    5.8262   12.0000   17.0000   35.0000         0    9.0000   41.0000  104.0000
    6.4222   16.0000   13.0000   35.0000   10.0000   14.0000   34.0000  105.0000
    5.7787   12.0000   11.0000   29.0000    7.0000    8.0000   34.0000  106.0000
    6.0009   17.0000    7.0000   30.0000   15.0000   15.0000   34.0000  101.0000
    5.7537   12.0000   18.0000   36.0000   12.0000   12.0000   42.0000   96.0000
    5.8287   12.0000   15.0000   33.0000    9.0000   12.0000   34.0000  105.0000
    5.8344   12.0000   20.0000   38.0000    2.0000    3.0000   40.0000  106.0000
    6.4585   12.0000   18.0000   36.0000    8.0000    8.0000   44.0000  102.0000
    4.6437   12.0000   19.0000   37.0000         0         0   35.0000   75.0000
    5.6975   14.0000    8.0000   28.0000    5.0000    5.0000   27.0000   99.0000
    5.7342   13.0000   19.0000   38.0000   11.0000   12.0000   46.0000   90.0000
    6.1089   12.0000   10.0000   28.0000   12.0000   12.0000   30.0000  104.0000
    5.5213   13.0000   11.0000   30.0000         0         0   37.0000  115.0000
    6.0007   16.0000   10.0000   32.0000   10.0000   12.0000   37.0000  118.0000
    6.3577   12.0000   18.0000   36.0000   12.0000    9.0000   40.0000  108.0000
    5.5627   11.0000   12.0000   29.0000   11.0000   10.0000   30.0000   76.0000
    5.7037   12.0000   14.0000   32.0000         0    3.0000   28.0000   50.0000
    5.7087   12.0000   15.0000   33.0000         0   10.0000   23.0000   55.0000
    5.6347   12.0000   20.0000   38.0000         0         0   23.0000   73.0000
    5.3047   11.0000   13.0000   30.0000    9.0000    9.0000   14.0000   84.0000
    5.9267   12.0000   14.0000   32.0000    9.0000   12.0000   37.0000  104.0000
    5.5197   10.0000   20.0000   36.0000    6.0000   10.0000   40.0000   92.0000
    5.7037   12.0000   14.0000   32.0000    6.0000   10.0000   27.0000   83.0000
    5.8857   14.0000   10.0000   30.0000    6.0000   10.0000   36.0000   98.0000
    5.3757   10.0000   13.0000   29.0000    7.0000   10.0000   25.0000   70.0000
    5.4142   13.0000   11.0000   30.0000   10.0000    4.0000   26.0000   87.0000
    5.2979   15.0000    7.0000   28.0000         0   12.0000   38.0000   96.0000
    5.8857   10.0000   22.0000   38.0000   10.0000   12.0000   34.0000   80.0000
    5.3237   16.0000   11.0000   33.0000   10.0000   12.0000   40.0000  104.0000
    5.8797   18.0000   11.0000   35.0000    8.0000    9.0000   35.0000  104.0000
    6.6452   18.0000    8.0000   32.0000   18.0000   12.0000   24.0000   96.0000
    5.2677   12.0000   12.0000   30.0000   18.0000   12.0000   24.0000   89.0000
    5.1862   12.0000   11.0000   29.0000   13.0000   10.0000   39.0000  113.0000
    5.8465   12.0000   15.0000   33.0000    7.0000    7.0000   29.0000  105.0000
    5.5097   14.0000   11.0000   31.0000    4.0000    7.0000   39.0000   84.0000
    6.2130   12.0000   17.0000   35.0000    3.0000    7.0000   36.0000  108.0000
    5.7047   12.0000   16.0000   34.0000    3.0000    8.0000   32.0000  104.0000
    5.2469   12.0000   12.0000   30.0000    7.0000    7.0000   28.0000  106.0000
    4.2769   12.0000   19.0000   37.0000         0    3.0000   45.0000   83.0000
    5.8475   10.0000   22.0000   38.0000    7.0000   12.0000   34.0000   70.0000
    6.5402   16.0000   12.0000   34.0000   12.0000   11.0000   39.0000  104.0000
    6.0587   12.0000   12.0000   30.0000   12.0000   14.0000   42.0000   91.0000
    6.7632   18.0000   10.0000   34.0000   18.0000   14.0000   42.0000  112.0000

